0 0.202475 0.374613 0.134983 0.0154799
0 0.0404949 0.361455 0.0809899 0.0201238
0 0.508436 0.225232 0.0809899 0.0139319
0 0.567492 0.293344 0.865017 0.168731
0 0.746907 0.214396 0.143982 0.0232198
0 0.328459 0.212074 0.116985 0.0309598
0 0.517435 0.202012 0.170979 0.0294118
0 0.868392 0.133127 0.224972 0.0309598
0 0.0404949 0.0464396 0.0809899 0.0185759
0 0.436445 0.0309598 0.116985 0.0278638
0 0.5 0.0797214 1 0.159443
0 0.836333 0.0735294 0.0933633 0.0174149
0 0.733408 0.0627902 0.101237 0.0423762
0 0.584927 0.00619195 0.143982 0.0123839
