0 0.243187 0.887094 0.100629 0.0138488
0 0.553459 0.450856 0.067086 0.0153876
0 0.318658 0.466244 0.419287 0.0492402
0 0.507338 0.392383 0.947589 0.0707828
0 0.301887 0.390844 0.171908 0.0280823
0 0.247379 0.273129 0.0754717 0.0169263
0 0.155136 0.268513 0.0922432 0.0323139
0 0.607966 0.260819 0.0922432 0.0230814
0 0.410901 0.261589 0.251572 0.0430852
0 0.691824 0.249279 0.125786 0.0215426
0 0.0628931 0.239277 0.0754717 0.0230814
0 0.503145 0.209271 0.134172 0.0123101
0 0.498952 0.118484 0.947589 0.236969
0 0.813417 0.145509 0.119497 0.0175034
0 0.691824 0.0385651 0.111111 0.0282747
