0 0.48 0.943522 0.0313725 0.0442968
0 0.652549 0.899225 0.0501961 0.0265781
0 0.307451 0.912514 0.025098 0.0531561
0 0.147451 0.872647 0.0439216 0.0620155
0 0.0439216 0.872647 0.0501961 0.0620155
0 0.12549 0.846069 0.0376471 0.0442968
0 0.702745 0.82392 0.025098 0.0708749
0 0.25098 0.801772 0.0501961 0.0620155
0 0.815686 0.779624 0.0376471 0.0354374
0 0.793725 0.877076 0.219608 0.230343
0 0.545882 0.788483 0.0501961 0.0531561
0 0.909804 0.792913 0.0752941 0.0797342
0 0.0658824 0.757475 0.0439216 0.0797342
0 0.649412 0.735327 0.0313725 0.0531561
0 0.812549 0.713178 0.0313725 0.0442968
0 0.385882 0.722038 0.0439216 0.0620155
0 0.916078 0.717608 0.0627451 0.0885936
0 0.172549 0.735327 0.0815686 0.124031
0 0.8 0.664452 0.0439216 0.0531561
0 0.931765 0.655593 0.0313725 0.0531561
0 0.580392 0.637874 0.0313725 0.0354374
0 0.809412 0.611296 0.0627451 0.0354374
0 0.439216 0.633444 0.0627451 0.0797342
0 0.207059 0.620155 0.0752941 0.0885936
0 0.658823 0.598007 0.0752941 0.0620155
0 0.545882 0.571429 0.025098 0.0442968
0 0.313725 0.589147 0.0501961 0.0797342
0 0.787451 0.55371 0.0313725 0.0620155
0 0.210196 0.531561 0.0439216 0.0354374
0 0.856471 0.527132 0.0313725 0.0442968
0 0.38902 0.531561 0.0501961 0.0708749
0 0.683922 0.491694 0.0376471 0.0265781
0 0.269804 0.509413 0.025098 0.0620155
0 0.608627 0.491694 0.0376471 0.0442968
0 0.821961 0.491694 0.0501961 0.0620155
0 0.301176 0.491694 0.0376471 0.0620155
0 0.197647 0.451827 0.0564706 0.0531561
0 0.332549 0.420819 0.0501961 0.0620155
0 0.552157 0.380952 0.0501961 0.0531561
0 0.163137 0.376523 0.0501961 0.0442968
0 0.737255 0.354374 0.0439216 0.0354374
0 0.012549 0.358804 0.025098 0.0442968
0 0.200784 0.301218 0.0627451 0.0708749
0 0.771765 0.292359 0.0752941 0.0885936
0 0.508235 0.265781 0.0376471 0.0531561
0 0.567843 0.265781 0.0313725 0.0708749
0 0.335686 0.14175 0.0564706 0.0708749
0 0.134902 0.0974529 0.0313725 0.0354374
0 0.624314 0.0620155 0.0313725 0.0531561
0 0.690196 0.0221484 0.0501961 0.0265781
0 0.517647 0.0487265 0.0690196 0.0797342
