0 0.193939 0.91811 0.254545 0.0661417
0 0.842424 0.930709 0.315152 0.135433
0 0.0939394 0.877165 0.139394 0.0409449
0 0.321212 0.853543 0.0727273 0.0377953
0 0.715151 0.814173 0.0727273 0.0346457
0 0.306061 0.814173 0.0909091 0.0346457
0 0.493939 0.762205 0.0666667 0.0314961
0 0.421212 0.633071 0.0424242 0.0251969
0 0.624242 0.543307 0.0484848 0.0283465
0 0.0484848 0.535433 0.0727273 0.0251969
0 0.0787879 0.505512 0.0484848 0.0346457
0 0.657576 0.462992 0.0545455 0.0251969
0 0.354545 0.415748 0.0545455 0.0314961
0 0.0757576 0.404724 0.0666667 0.0220472
0 0.875758 0.392126 0.0666667 0.0220472
0 0.751515 0.393701 0.0484848 0.0251969
0 0.284848 0.393701 0.0727273 0.0314961
0 0.748485 0.35748 0.0666667 0.0283465
0 0.4 0.352756 0.0484848 0.0251969
0 0.827273 0.343307 0.0666667 0.0251969
0 0.557576 0.348031 0.0484848 0.0346457
0 0.933333 0.338583 0.0969697 0.0535433
0 0.890909 0.32126 0.0606061 0.0314961
0 0.193939 0.283465 0.0606061 0.0188976
0 0.030303 0.286614 0.0484848 0.0251969
0 0.757576 0.270866 0.0606061 0.0251969
0 0.269697 0.259843 0.0545455 0.0283465
0 0.515152 0.251969 0.0606061 0.0188976
0 0.127273 0.259843 0.0848485 0.0346457
0 0.390909 0.244094 0.127273 0.0472441
0 0.242424 0.229921 0.0606061 0.0188976
0 0.0424242 0.237795 0.0727273 0.0472441
0 0.836364 0.23622 0.242424 0.0503937
0 0.463636 0.206299 0.0545455 0.0283465
0 0.724242 0.188976 0.0424242 0.0251969
0 0.578788 0.211024 0.139394 0.0692913
0 0.90303 0.190551 0.0727273 0.0472441
0 0.106061 0.179528 0.10303 0.0314961
0 0.545455 0.15748 0.0484848 0.0251969
0 0.812121 0.165354 0.0969697 0.0472441
0 0.70303 0.173228 0.0969697 0.0629921
0 0.927273 0.146457 0.0727273 0.0472441
0 0.112121 0.129134 0.0666667 0.0188976
0 0.178788 0.140157 0.0909091 0.0535433
0 0.830303 0.114961 0.0848485 0.0409449
0 0.942424 0.0992126 0.0787879 0.0472441
0 0.345455 0.0566929 0.0727273 0.0251969
