0 0.259598 0.889849 0.0511883 0.0259179
0 0.127971 0.898488 0.0658135 0.0431965
0 0.457038 0.842333 0.095064 0.0345572
0 0.54479 0.796976 0.095064 0.0647948
0 0.833638 0.764579 0.0877514 0.0345572
0 0.928702 0.563715 0.0585009 0.0475162
0 0.85192 0.572354 0.095064 0.0647948
0 0.581353 0.352052 0.0658135 0.0475162
0 0.54479 0.228942 0.0511883 0.0345572
0 0.398537 0.194384 0.0511883 0.0259179
0 0.0402194 0.177106 0.0804388 0.12095
0 0.749543 0.12095 0.0511883 0.0259179
0 0.837294 0.062635 0.0365631 0.0302376
0 0.942413 0.0367171 0.115174 0.0388769
0 0.464351 0.0280778 0.109689 0.0302376
0 0.120658 0.049676 0.241316 0.0907127
