0 0.474486 0.917808 0.0477137 0.0273973
0 0.402916 0.900685 0.0530152 0.0342466
0 0.951624 0.863014 0.0371107 0.0273973
0 0.564612 0.886986 0.249172 0.143836
0 0.400265 0.828767 0.0583168 0.0684932
0 0.540756 0.804794 0.0424122 0.0342466
0 0.514248 0.732877 0.127237 0.0821918
0 0.424122 0.705479 0.0318091 0.0410959
0 0.956925 0.753425 0.0689198 0.191781
0 0.212061 0.678082 0.0318091 0.0410959
0 0.304838 0.664384 0.0265076 0.0410959
0 0.736912 0.708904 0.233267 0.267123
0 0.691849 0.589041 0.0901259 0.0547945
0 0.951624 0.571918 0.0689198 0.0753425
0 0.683897 0.530822 0.0424122 0.0479452
0 0.0795229 0.544521 0.0742213 0.0753425
0 0.182903 0.517123 0.0583168 0.0616438
0 0.551359 0.523973 0.159046 0.130137
0 0.0503645 0.356164 0.0371107 0.0684932
0 0.596421 0.315068 0.0477137 0.0410959
0 0.474486 0.315068 0.0477137 0.0410959
0 0.0742213 0.270548 0.0954274 0.0616438
0 0.850895 0.19863 0.100729 0.0547945
0 0.506296 0.229452 0.100729 0.130137
0 0.906561 0.167808 0.0424122 0.0479452
0 0.601723 0.136986 0.0371107 0.0410959
0 0.561962 0.0958904 0.0424122 0.0273973
0 0.0212061 0.0684932 0.0424122 0.136986
