0 0.128021 0.879245 0.0574788 0.0528302
0 0.0182887 0.879245 0.0261267 0.0528302
0 0.0653168 0.830189 0.0679295 0.045283
0 0.815153 0.830189 0.0418027 0.0754717
0 0.104507 0.781132 0.0522534 0.0679245
0 0.859569 0.784906 0.0470281 0.090566
0 0.201176 0.766038 0.0365774 0.0679245
0 0.279556 0.569811 0.0365774 0.0528302
0 0.378837 0.573585 0.0261267 0.0754717
0 0.23514 0.509434 0.0313521 0.0377358
0 0.789027 0.490566 0.0627041 0.0603774
0 0.339647 0.483019 0.0418027 0.045283
0 0.493795 0.460377 0.0261267 0.045283
0 0.404964 0.460377 0.0470281 0.0754717
0 0.26388 0.445283 0.0470281 0.090566
0 0.164598 0.45283 0.0992815 0.120755
0 0.0679295 0.45283 0.135859 0.271698
0 0.815153 0.369811 0.0627041 0.120755
0 0.741999 0.339623 0.0627041 0.0754717
0 0.219464 0.332075 0.0418027 0.0603774
0 0.0209014 0.309434 0.0313521 0.045283
0 0.355323 0.301887 0.0418027 0.0754717
0 0.14631 0.283019 0.0313521 0.0528302
0 0.512084 0.260377 0.0627041 0.0830189
0 0.248204 0.260377 0.0888308 0.0981132
0 0.736773 0.25283 0.0731548 0.0981132
0 0.438929 0.267925 0.0522534 0.128302
0 0.0313521 0.222642 0.0313521 0.0528302
0 0.83083 0.222642 0.0418027 0.0679245
0 0.799477 0.2 0.0313521 0.0830189
0 0.449379 0.143396 0.0313521 0.0603774
0 0.843893 0.120755 0.0261267 0.045283
0 0.752449 0.124528 0.0313521 0.0528302
0 0.509471 0.154717 0.0679295 0.113208
0 0.109732 0.154717 0.0836055 0.158491
0 0.206401 0.128302 0.0679295 0.120755
0 0.930111 0.0830189 0.0627041 0.090566
0 0.60614 0.0566038 0.0522534 0.0528302
0 0.687133 0.101887 0.0992815 0.158491
