0 0.368644 0.961963 0.0423729 0.0392638
0 0.199153 0.883436 0.0423729 0.0392638
0 0.118644 0.883436 0.0338983 0.0588957
0 0.161017 0.878528 0.0338983 0.0687117
0 0.0423729 0.84908 0.0847458 0.0687117
0 0.182203 0.790184 0.0423729 0.0294479
0 0.330508 0.829448 0.220339 0.127607
0 0.139831 0.711656 0.0423729 0.0490798
0 0.029661 0.603681 0.0423729 0.0490798
0 0.177966 0.520245 0.288136 0.176687
0 0.161017 0.377914 0.0508475 0.0490798
0 0.0127119 0.191411 0.0254237 0.0490798
0 0.144068 0.235583 0.288136 0.196319
0 0.122881 0.171779 0.059322 0.0687117
0 0.0550847 0.152147 0.0423729 0.0687117
0 0.0169492 0.107975 0.0338983 0.0392638
0 0.029661 0.0245399 0.059322 0.0294479
