0 0.917706 0.956426 0.0931006 0.026364
0 0.641729 0.845112 0.0731505 0.0205053
0 0.791355 0.530209 0.0532003 0.0234346
0 0.708229 0.476016 0.0864505 0.0205053
0 0.73483 0.426217 0.0598504 0.0205053
0 0.62552 0.429147 0.15877 0.0556573
0 0.226101 0.391066 0.0665004 0.0205053
0 0.0897756 0.360308 0.0864505 0.0644453
0 0.229426 0.336873 0.126351 0.035152
0 0.960931 0.332479 0.0731505 0.0556573
0 0.299252 0.294398 0.0798005 0.0322226
0 0.482128 0.332479 0.272652 0.13182
0 0.0731505 0.287074 0.146301 0.0703039
0 0.202826 0.235811 0.0598504 0.0380813
0 0.289277 0.196265 0.0997506 0.035152
0 0.0964256 0.190406 0.0864505 0.035152
0 0.864505 0.15086 0.0665004 0.0322226
0 0.295927 0.137679 0.166251 0.0527279
0 0.0631754 0.0790919 0.126351 0.0410106
0 0.199501 0.0629806 0.133001 0.026364
0 0.921031 0.0820212 0.152951 0.0761626
0 0.704904 0.0468693 0.119701 0.0292933
0 0.179551 0.0234346 0.0931006 0.0292933
0 0.0764755 0.0205053 0.113051 0.035152
