0 0.326316 0.819149 0.175439 0.0145577
0 0.161404 0.822508 0.126316 0.0235162
0 0.112281 0.792273 0.0842105 0.012318
0 0.34386 0.797872 0.238596 0.0302352
0 0.392982 0.775476 0.140351 0.012318
0 0.564912 0.769807 0.105263 0.00993841
0 0.0526316 0.771557 0.077193 0.0134379
0 0.470175 0.759239 0.224561 0.0201568
0 0.0807018 0.74972 0.133333 0.0167973
0 0.231579 0.746361 0.0842105 0.012318
0 0.196491 0.727324 0.112281 0.0167973
0 0.442105 0.69037 0.0842105 0.012318
0 0.0912281 0.667973 0.140351 0.0145577
0 0.133333 0.634938 0.196491 0.0447928
0 0.164912 0.576148 0.189474 0.0167973
0 0.238596 0.553191 0.210526 0.0201568
0 0.375439 0.527436 0.119298 0.0156775
0 0.466667 0.510078 0.147368 0.0167973
0 0.480702 0.489362 0.119298 0.00895857
0 0.51579 0.479283 0.133333 0.0134379
0 0.796491 0.473684 0.0912281 0.0156775
0 0.617544 0.421613 0.168421 0.0212766
0 0.747368 0.394737 0.189474 0.019037
0 0.775439 0.37402 0.259649 0.0246361
0 0.782456 0.355543 0.203509 0.012318
0 0.894737 0.344345 0.147368 0.0145577
0 0.85614 0.304031 0.112281 0.012318
