0 0.823779 0.881647 0.0254777 0.0480274
0 0.787686 0.878216 0.029724 0.0411664
0 0.836518 0.823328 0.0339703 0.0411664
0 0.0573248 0.792453 0.0467091 0.0754717
0 0.936306 0.806175 0.0806794 0.212693
0 0.747346 0.716981 0.0339703 0.0617496
0 0.643312 0.699829 0.029724 0.0411664
0 0.0870488 0.70669 0.0636943 0.0686106
0 0.77707 0.655232 0.0424628 0.102916
0 0.70276 0.624357 0.029724 0.0411664
0 0.0849257 0.631218 0.059448 0.0686106
0 0.866242 0.586621 0.0169851 0.0617496
0 0.0382166 0.528302 0.0254777 0.0548885
0 0.165605 0.500858 0.0764331 0.123499
0 0.0467091 0.445969 0.0339703 0.0411664
0 0.394904 0.435678 0.0339703 0.0480274
0 0.140127 0.38422 0.0679406 0.0960549
0 0.044586 0.353345 0.0212314 0.0480274
0 0.543524 0.295026 0.0424628 0.0548885
0 0.0764331 0.233276 0.0339703 0.0411664
0 0.307856 0.264151 0.029724 0.144082
0 0.193206 0.246998 0.0721868 0.178388
0 0.044586 0.168096 0.029724 0.0617496
0 0.740977 0.109777 0.0212314 0.0548885
0 0.961783 0.0926244 0.0382166 0.0754717
0 0.129512 0.0548885 0.0382166 0.0274443
0 0.0806794 0.051458 0.0254777 0.0617496
0 0.254777 0.0274443 0.0254777 0.0411664
0 0.210191 0.0686106 0.0552017 0.137221
0 0.154989 0.0171527 0.029724 0.0343053
