0 0.641892 0.90948 0.0540541 0.0513186
0 0.0540541 0.875267 0.0675676 0.119743
0 0.0810811 0.803991 0.0405405 0.0456165
0 0.202703 0.669993 0.0405405 0.0285103
0 0.135135 0.638632 0.0675676 0.0456165
0 0.135135 0.473272 0.0540541 0.0570207
0 0.449324 0.416251 0.0472973 0.0456165
0 0.195946 0.424804 0.0405405 0.0969351
0 0.587838 0.356379 0.0405405 0.0285103
0 0.0878378 0.396294 0.121622 0.108339
0 0.638514 0.285103 0.0743243 0.0456165
0 0.375 0.353528 0.222973 0.228083
0 0.0743243 0.27655 0.108108 0.085531
0 0.0810811 0.191019 0.0405405 0.0513186
0 0.141892 0.173913 0.0810811 0.0627227
0 0.736486 0.0627227 0.148649 0.0342124
0 0.594595 0.0570207 0.0675676 0.0342124
