0 0.962312 0.761662 0.0753769 0.0229263
0 0.737018 0.785225 0.268007 0.0776946
0 0.716918 0.743831 0.187605 0.0305684
0 0.824121 0.724089 0.174204 0.0394842
0 0.81407 0.690973 0.100503 0.0191052
0 0.194305 0.513294 0.0938023 0.0203789
0 0.040201 0.501831 0.080402 0.0152842
0 0.458961 0.49992 0.368509 0.0496736
0 0.744556 0.533673 0.510888 0.127368
0 0.830821 0.513931 0.122278 0.0117816
0 0.592965 0.47572 0.0737018 0.0140105
0 0.0536013 0.478268 0.107203 0.0191052
0 0.0502513 0.455978 0.100503 0.0178316
0 0.773869 0.45152 0.100503 0.0242
0 0.89196 0.433689 0.21608 0.0165579
0 0.958961 0.417131 0.082077 0.0165579
0 0.79732 0.408852 0.120603 0.0203789
0 0.227806 0.388473 0.107203 0.0101895
0 0.80402 0.375736 0.0938023 0.0127368
0 0.914573 0.355357 0.100503 0.0127368
0 0.432161 0.275115 0.113903 0.0178316
0 0.586265 0.242 0.0871022 0.0178316
0 0.747069 0.227989 0.247906 0.0254737
0 0.167504 0.175768 0.134003 0.0178316
0 0.264657 0.160484 0.113903 0.0152842
0 0.837521 0.1452 0.107203 0.0152842
0 0.938023 0.146473 0.0938023 0.0203789
0 0.710218 0.0331157 0.080402 0.0127368
0 0.773869 0.0248368 0.113903 0.0165579
0 0.442211 0.0184684 0.147404 0.0140105
