0 0.935385 0.48803 0.065641 0.0207672
0 0.923077 0.437266 0.139487 0.0484569
0 0.918974 0.37381 0.147692 0.0507643
0 0.959487 0.328815 0.0810256 0.0346121
0 0.808205 0.218056 0.123077 0.0299971
0 0.873333 0.263052 0.253333 0.161523
0 0.922564 0.289443 0.0933333 0.0170176
0 0.603077 0.189213 0.0738462 0.0184598
0 0.971795 0.18229 0.0564103 0.0369195
0 0.529231 0.162677 0.106667 0.0207672
0 0.886154 0.147678 0.065641 0.0184598
0 0.155897 0.124603 0.065641 0.0184598
0 0.533333 0.12345 0.0820513 0.0207672
0 0.582564 0.0980675 0.0984615 0.0253822
0 0.274872 0.0922988 0.0738462 0.0138448
0 0.959487 0.0876839 0.0810256 0.0369195
0 0.278974 0.0669166 0.114872 0.0184598
0 0.701538 0.0738391 0.188718 0.0507643
0 0.504615 0.0634554 0.139487 0.0438419
0 0.975897 0.0403807 0.0482051 0.0299971
0 0.566154 0.0288434 0.164103 0.039227
0 0.377436 0.0276896 0.164103 0.0369195
