0 0.0183486 0.818082 0.0366972 0.0396913
0 0.853211 0.653804 0.103976 0.0286659
0 0.929664 0.62624 0.0978593 0.061742
0 0.938838 0.583241 0.0550459 0.0198456
0 0.697248 0.478501 0.0733945 0.0220507
0 0.938838 0.403528 0.116208 0.0529217
0 0.828746 0.399118 0.103976 0.0485116
0 0.636086 0.352811 0.0611621 0.0220507
0 0.281346 0.251378 0.0856269 0.0176406
0 0.308868 0.224917 0.0795107 0.0220507
0 0.59633 0.144432 0.0917431 0.0330761
0 0.905199 0.136714 0.0733945 0.0264609
0 0.706422 0.110254 0.348624 0.105843
0 0.302752 0.0540243 0.0917431 0.0463065
0 0.59633 0.030871 0.0672783 0.030871
