0 0.0570949 0.759322 0.0335852 0.0361582
0 0.0335852 0.537853 0.0671704 0.0632768
0 0.147775 0.465537 0.0940386 0.117514
0 0.231738 0.311864 0.11419 0.0813559
0 0.0503778 0.253107 0.0335852 0.0361582
0 0.0335852 0.189831 0.0671704 0.0542373
0 0.117548 0.131073 0.0335852 0.0451977
0 0.154492 0.122034 0.0268682 0.0451977
0 0.077246 0.131073 0.0201511 0.0632768
0 0.31906 0.0723164 0.0335852 0.0361582
0 0.0906801 0.0632768 0.0470193 0.0542373
0 0.151133 0.0542373 0.0604534 0.0542373
0 0.0201511 0.0316384 0.0403023 0.0451977
