0 0.0574586 0.939225 0.114917 0.0156839
0 0.229834 0.963957 0.459668 0.0699744
0 0.41105 0.904841 0.0972376 0.0120645
0 0.181215 0.913286 0.362431 0.0410195
0 0.570166 0.874076 0.0972376 0.013271
0 0.503867 0.823405 0.0883978 0.013271
0 0.570166 0.804705 0.150276 0.00965164
0 0.424309 0.737747 0.583425 0.124265
0 0.0530387 0.678027 0.106077 0.00965164
0 0.137017 0.660534 0.079558 0.013271
0 0.362431 0.546524 0.106077 0.00965164
0 0.0530387 0.41683 0.0883978 0.0156839
0 0.459668 0.24491 0.106077 0.0120645
0 0.0530387 0.20932 0.106077 0.013271
0 0.137017 0.199668 0.0972376 0.0108581
0 0.291713 0.194239 0.159116 0.0217162
0 0.38895 0.183381 0.106077 0.0120645
0 0.945856 0.1683 0.0883978 0.0156839
0 0.0928177 0.109184 0.132597 0.0108581
0 0.238674 0.0941035 0.0883978 0.0120645
0 0.269613 0.0826421 0.167956 0.0156839
