0 0.558522 0.979269 0.147844 0.0215224
0 0.681725 0.961545 0.0985626 0.0113942
0 0.151951 0.966609 0.271047 0.0291185
0 0.295688 0.948884 0.147844 0.0113942
0 0.431212 0.953315 0.0903491 0.0253205
0 0.735113 0.940655 0.0903491 0.0227884
0 0.562628 0.945719 0.188912 0.0405127
0 0.365503 0.89761 0.0903491 0.0126602
0 0.743326 0.872923 0.0903491 0.0139263
0 0.809035 0.856465 0.106776 0.0164583
0 0.455852 0.849502 0.106776 0.0177243
0 0.887064 0.836208 0.0985626 0.0265865
0 0.406571 0.697579 0.073922 0.0151923
0 0.373717 0.669093 0.0903491 0.0113942
0 0.250513 0.629847 0.0903491 0.0113942
0 0.591376 0.646938 0.427105 0.0481089
0 0.89117 0.612122 0.0903491 0.0113942
0 0.533881 0.572875 0.11499 0.0189903
0 0.710472 0.598196 0.451745 0.0746954
0 0.579055 0.555151 0.123203 0.00886216
0 0.476386 0.553252 0.147844 0.0177243
0 0.73922 0.539959 0.361396 0.0493749
0 0.718686 0.508941 0.106776 0.0101282
0 0.833676 0.496914 0.073922 0.0164583
0 0.603696 0.493116 0.0903491 0.0164583
0 0.0533881 0.401329 0.0903491 0.0202564
0 0.164271 0.38677 0.0985626 0.0113942
0 0.246407 0.354486 0.131417 0.0126602
0 0.394251 0.322836 0.213552 0.0354486
0 0.221766 0.291185 0.197125 0.0253205
0 0.328542 0.258902 0.0985626 0.0164583
0 0.447639 0.258269 0.13963 0.0354486
0 0.607803 0.241177 0.0985626 0.0113942
0 0.616016 0.22915 0.197125 0.0227884
0 0.718686 0.209527 0.205339 0.0316506
0 0.944559 0.188004 0.0821355 0.0240544
0 0.903491 0.149391 0.164271 0.0481089
