0 0.280342 0.975293 0.547009 0.046814
0 0.188034 0.920026 0.376068 0.0429129
0 0.328205 0.897269 0.109402 0.023407
0 0.0888889 0.894018 0.123077 0.0195059
0 0.509402 0.895969 0.0752137 0.0260078
0 0.683761 0.892068 0.246154 0.046814
0 0.0683761 0.875813 0.0957265 0.0169051
0 0.150427 0.836151 0.0820513 0.0260078
0 0.782906 0.831599 0.0888889 0.029909
0 0.0649573 0.836801 0.129915 0.0507152
0 0.365812 0.8342 0.321368 0.0481144
0 0.62906 0.830299 0.164103 0.0481144
0 0.85812 0.808843 0.198291 0.0442133
0 0.0888889 0.793888 0.150427 0.0273082
0 0.112821 0.760728 0.116239 0.0182055
0 0.287179 0.764629 0.0957265 0.0364109
0 0.123077 0.735371 0.0683761 0.0221066
0 0.950427 0.744473 0.0820513 0.0429129
0 0.376068 0.752926 0.287179 0.0598179
0 0.0410256 0.729519 0.0820513 0.0364109
0 0.735043 0.742523 0.362393 0.0676203
0 0.266667 0.717165 0.109402 0.0221066
0 0.964103 0.703511 0.0547009 0.023407
0 0.0683761 0.698309 0.136752 0.0364109
0 0.136752 0.685306 0.218803 0.0442133
0 0.488889 0.681404 0.14359 0.0416125
0 0.526496 0.657997 0.109402 0.0208062
0 0.841026 0.674252 0.287179 0.0715215
0 0.577778 0.579974 0.0888889 0.0182055
0 0.499145 0.576723 0.0547009 0.0195059
0 0.694017 0.581274 0.225641 0.0494148
0 0.755556 0.602081 0.45812 0.124837
0 0.940171 0.529259 0.0615385 0.0182055
0 0.820513 0.528609 0.191453 0.0507152
0 0.639316 0.460338 0.348718 0.0676203
0 0.376068 0.497399 0.670085 0.149545
0 0.238889 0.472611 0.166667 0.0303966
0 0.335043 0.443433 0.0700855 0.0159298
0 0.864957 0.427178 0.14359 0.0195059
0 0.287179 0.420676 0.136752 0.0195059
0 0.116239 0.421977 0.164103 0.0325098
0 0.034188 0.404421 0.0683761 0.0260078
0 0.721368 0.362809 0.0888889 0.0130039
0 0.882051 0.381014 0.164103 0.0624187
0 0.112821 0.358257 0.225641 0.0429129
0 0.851282 0.304291 0.102564 0.0260078
0 0.916239 0.306242 0.0957265 0.0507152
0 0.147009 0.282835 0.17094 0.0273082
0 0.796581 0.263979 0.184615 0.0494148
0 0.0410256 0.210013 0.0683761 0.0195059
0 0.153846 0.127438 0.294017 0.0754226
0 0.417094 0.0825748 0.246154 0.0377113
0 0.42735 0.0240572 0.0888889 0.0169051
0 0.482051 0.144343 0.964103 0.273082
0 0.533333 0.187256 0.152137 0.0237321
