0 0.343214 0.981605 0.049922 0.0367893
0 0.26209 0.940914 0.074883 0.0981048
0 0.973479 0.90524 0.024961 0.0445931
0 0.592824 0.820513 0.049922 0.0535117
0 0.945398 0.793757 0.0686427 0.0356745
0 0.4961 0.802676 0.0436817 0.0891862
0 0.464899 0.780379 0.0312012 0.0445931
0 0.639626 0.780379 0.0436817 0.0624303
0 0.418097 0.624303 0.0374415 0.0356745
0 0.633385 0.606466 0.0312012 0.0356745
0 0.312012 0.597547 0.0374415 0.0535117
0 0.970359 0.593088 0.0436817 0.0802676
0 0.945398 0.51728 0.0811232 0.0535117
0 0.904836 0.463768 0.049922 0.0535117
0 0.961778 0.428094 0.0764431 0.124861
0 0.945398 0.298774 0.0436817 0.0267559
0 0.961778 0.227425 0.0764431 0.0981048
0 0.986739 0.0758082 0.0265211 0.0802676
