0 0.936975 0.694226 0.12605 0.0551181
0 0.869748 0.65748 0.0756303 0.0183727
0 0.890756 0.61811 0.10084 0.0131234
0 0.768908 0.586614 0.0588235 0.0183727
0 0.978992 0.57874 0.0420168 0.0341207
0 0.52521 0.569554 0.092437 0.015748
0 0.857143 0.573491 0.168067 0.0341207
0 0.62605 0.552493 0.159664 0.023622
0 0.907563 0.535433 0.117647 0.0367454
0 0.890756 0.467192 0.218487 0.0577428
0 0.894958 0.401575 0.210084 0.0524934
0 0.92437 0.35958 0.134454 0.0262467
0 0.794118 0.278215 0.0588235 0.0262467
0 0.89916 0.291339 0.201681 0.0997375
0 0.936975 0.131234 0.12605 0.0577428
0 0.596639 0.0183727 0.134454 0.0262467
0 0.739496 0.015748 0.151261 0.0262467
0 0.903361 0.0183727 0.142857 0.0367454
