0 0.584192 0.861029 0.123711 0.0141928
0 0.90378 0.861029 0.103093 0.0165582
0 0.898625 0.754583 0.202749 0.030751
0 0.90378 0.738616 0.0756014 0.017741
0 0.85567 0.709048 0.14433 0.00827912
0 0.963918 0.711413 0.072165 0.0248374
0 0.869416 0.630396 0.0756014 0.0189237
0 0.879725 0.60615 0.0687285 0.0153755
0 0.745704 0.590775 0.0893471 0.0130101
0 0.594502 0.572442 0.116838 0.0212892
0 0.967354 0.568303 0.0652921 0.0201064
0 0.738832 0.545831 0.295533 0.0319338
0 0.829897 0.518628 0.340206 0.0272028
0 0.532646 0.512123 0.130584 0.0141928
0 0.797251 0.481963 0.151203 0.0224719
0 0.697595 0.457126 0.130584 0.0201064
0 0.687285 0.437611 0.0962199 0.0165582
0 0.92268 0.424601 0.154639 0.0425784
0 0.927835 0.335305 0.0824742 0.0130101
