0 0.23701 0.983506 0.153145 0.021765
0 0.619872 0.969903 0.102097 0.0163238
0 0.390155 0.944057 0.342753 0.0734569
0 0.776664 0.916171 0.109389 0.0204047
0 0.273473 0.876722 0.13856 0.0149634
0 0.145852 0.903928 0.277119 0.0802585
0 0.364631 0.856317 0.393801 0.0503316
0 0.532361 0.814147 0.189608 0.0231253
0 0.853236 0.769937 0.102097 0.0136031
0 0.0546946 0.770617 0.0802188 0.0204047
0 0.105743 0.765176 0.0656335 0.0204047
0 0.495898 0.736609 0.116682 0.0231253
0 0.561531 0.716205 0.0875114 0.0149634
0 0.204193 0.708723 0.364631 0.04353
0 0.718323 0.612141 0.094804 0.0190444
0 0.521422 0.606019 0.0802188 0.0176841
0 0.113036 0.509437 0.13856 0.0204047
0 0.368277 0.457745 0.094804 0.0204047
0 0.499544 0.398572 0.109389 0.0190444
0 0.557885 0.380888 0.16773 0.0136031
0 0.656335 0.351641 0.116682 0.0285666
0 0.583409 0.232614 0.525068 0.0734569
0 0.907931 0.197926 0.094804 0.0122428
0 0.0656335 0.155076 0.0729262 0.0163238
0 0.922516 0.150995 0.123974 0.0163238
0 0.896992 0.134671 0.102097 0.0136031
0 0.499544 0.110866 0.0802188 0.0149634
0 0.649043 0.099983 0.102097 0.0122428
0 0.813127 0.0891005 0.226071 0.0285666
0 0.211486 0.102023 0.408386 0.0707363
0 0.433911 0.0442102 0.182315 0.0204047
0 0.740656 0.0448903 0.518687 0.0680156
