0 0.126246 0.94387 0.119601 0.0162482
0 0.17608 0.929468 0.112957 0.0110783
0 0.262458 0.915805 0.152824 0.0206795
0 0.511628 0.831979 0.106312 0.0155096
0 0.89701 0.771418 0.13289 0.0169867
0 0.694352 0.779173 0.232558 0.0324963
0 0.146179 0.715657 0.199336 0.0221566
0 0.375415 0.690916 0.325581 0.0361891
0 0.209302 0.642171 0.112957 0.0110783
0 0.425249 0.640694 0.146179 0.00960118
0 0.0863787 0.645495 0.146179 0.0339734
0 0.66113 0.590842 0.139535 0.014771
0 0.790698 0.579025 0.265781 0.0132939
0 0.192691 0.559453 0.0930233 0.0125554
0 0.438538 0.553545 0.239203 0.0258493
0 0.667774 0.549114 0.112957 0.0228951
0 0.584718 0.530281 0.225914 0.0177253
0 0.415282 0.508124 0.112957 0.0103397
0 0.877076 0.494461 0.199336 0.0361891
0 0.458472 0.482275 0.119601 0.014771
0 0.392027 0.472304 0.146179 0.0140325
0 0.511628 0.468981 0.225914 0.0221566
0 0.797342 0.457533 0.372093 0.0878877
0 0.860465 0.455687 0.101329 0.0120015
0 0.857143 0.445347 0.16113 0.00904727
0 0.870847 0.429099 0.148671 0.010709
0 0.86711 0.376662 0.232558 0.0236337
