0 0.759388 0.605405 0.038943 0.0288288
0 0.828929 0.58018 0.0333797 0.036036
0 0.93185 0.558559 0.127955 0.0648649
0 0.890125 0.464865 0.0890125 0.0504505
0 0.934631 0.345946 0.077886 0.172973
0 0.394993 0.544144 0.789986 0.684685
0 0.333797 0.587387 0.0681502 0.0666667
0 0.458971 0.533333 0.0959666 0.0882883
0 0.478442 0.454505 0.0570236 0.0315315
0 0.606398 0.381982 0.023644 0.045045
0 0.431154 0.40045 0.0625869 0.125225
0 0.968011 0.165766 0.0333797 0.0864865
0 0.812239 0.172973 0.100139 0.115315
