0 0.563701 0.862543 0.0341637 0.04811
0 0.623488 0.766323 0.0512456 0.04811
0 0.241993 0.790378 0.233452 0.19244
0 0.193594 0.666667 0.125267 0.0687285
0 0.213167 0.601375 0.0391459 0.04811
0 0.592171 0.570447 0.0455516 0.0549828
0 0.928114 0.556701 0.0341637 0.0412371
0 0.159431 0.56701 0.0797153 0.0756014
0 0.247687 0.525773 0.0398577 0.0343643
0 0.609253 0.491409 0.0341637 0.04811
0 0.0996441 0.463918 0.0398577 0.0343643
0 0.0256228 0.494845 0.0512456 0.164948
0 0.153737 0.412371 0.0455516 0.0274914
0 0.657651 0.415808 0.0512456 0.0618557
0 0.754448 0.398625 0.0284698 0.0412371
0 0.691815 0.350515 0.0398577 0.0412371
0 0.538078 0.302406 0.0398577 0.0549828
0 0.780071 0.250859 0.0341637 0.04811
0 0.694662 0.247423 0.125267 0.137457
0 0.819929 0.182131 0.102491 0.103093
0 0.279004 0.14433 0.0683274 0.0549828
0 0.341637 0.0893471 0.0569395 0.0687285
