0 0.722724 0.894515 0.066713 0.0337553
0 0.883947 0.881857 0.200139 0.21097
0 0.847811 0.831224 0.0291869 0.0611814
0 0.428075 0.797468 0.0444753 0.0421941
0 0.897846 0.746835 0.0945101 0.126582
0 0.592078 0.780591 0.0611536 0.21097
0 0.630994 0.64557 0.0277971 0.0421941
0 0.247394 0.64557 0.0277971 0.0421941
0 0.0694927 0.666667 0.0611536 0.0843882
0 0.625434 0.552743 0.0389159 0.0421941
0 0.942321 0.514768 0.0500347 0.0337553
0 0.825573 0.42616 0.0277971 0.0421941
0 0.328006 0.455696 0.0444753 0.118143
0 0.294649 0.409283 0.0333565 0.0590717
0 0.769979 0.333333 0.0277971 0.0421941
0 0.38082 0.337553 0.0611536 0.0675105
0 0.792217 0.291139 0.0389159 0.0421941
0 0.441974 0.2827 0.0277971 0.0421941
0 0.908965 0.362869 0.172342 0.236287
0 0.216817 0.49789 0.211258 0.590717
0 0.133426 0.223629 0.0333565 0.0590717
0 0.369701 0.198312 0.0611536 0.109705
0 0.397498 0.126582 0.0277971 0.0675105
0 0.241835 0.113924 0.0722724 0.092827
