0 0.654261 0.964785 0.0705191 0.0308731
0 0.767875 0.960926 0.0470127 0.0308731
0 0.881489 0.937771 0.133203 0.0694645
0 0.767875 0.914617 0.0626836 0.0231548
0 0.814887 0.876025 0.0470127 0.0231548
0 0.944172 0.825856 0.0705191 0.0308731
0 0.889324 0.81042 0.0391773 0.0308731
0 0.716944 0.827786 0.101861 0.0656054
0 0.477963 0.81042 0.0783546 0.0385914
0 0.599412 0.806561 0.148874 0.0926194
0 0.419197 0.783406 0.0705191 0.054028
0 0.767875 0.71973 0.0626836 0.0192957
0 0.575906 0.715871 0.0705191 0.0347323
0 0.356513 0.704293 0.117532 0.027014
0 0.493634 0.667631 0.0470127 0.0231548
0 0.188051 0.67535 0.0940255 0.0463097
0 0.763957 0.657984 0.0548482 0.027014
0 0.920666 0.652195 0.08619 0.0308731
0 0.372184 0.654124 0.08619 0.0424506
0 0.109696 0.644477 0.0626836 0.0231548
0 0.51714 0.634829 0.0470127 0.027014
0 0.188051 0.621322 0.0783546 0.0463097
0 0.5524 0.549928 0.0391773 0.027014
0 0.434868 0.44959 0.0548482 0.0192957
0 0.231146 0.515195 0.352595 0.212253
0 0.0391773 0.432224 0.0783546 0.0463097
0 0.68952 0.395562 0.0626836 0.027014
0 0.509305 0.339604 0.0470127 0.0231548
0 0.763957 0.31645 0.0548482 0.0231548
0 0.916748 0.299083 0.0626836 0.027014
0 0.869736 0.243126 0.0470127 0.0231548
