0 0.903977 0.756716 0.178468 0.0655363
0 0.775946 0.727758 0.0931135 0.0167651
0 0.946654 0.664508 0.0931135 0.0121928
0 0.923375 0.576872 0.0931135 0.0198133
0 0.85742 0.557821 0.100873 0.0121928
0 0.946654 0.5502 0.0931135 0.0121928
0 0.810863 0.538007 0.116392 0.0213374
0 0.275461 0.515146 0.131911 0.015241
0 0.85354 0.511335 0.0620757 0.0228615
0 0.682832 0.497619 0.155189 0.0167651
0 0.465567 0.484664 0.124151 0.0213374
0 0.57032 0.470185 0.116392 0.0137169
0 0.876819 0.46485 0.108632 0.015241
0 0.120272 0.329206 0.225024 0.188988
0 0.302619 0.235473 0.0931135 0.0228615
0 0.104753 0.227091 0.209505 0.0243856
0 0.384093 0.198895 0.116392 0.0320061
0 0.29098 0.163841 0.131911 0.0198133
0 0.477207 0.16003 0.085354 0.0213374
0 0.0310378 0.154696 0.0620757 0.0228615
0 0.519884 0.124976 0.124151 0.0182892
0 0.042677 0.124976 0.085354 0.0243856
0 0.837536 0.124976 0.324927 0.045723
0 0.5742 0.110497 0.0931135 0.0167651
0 0.236663 0.124976 0.380213 0.0518194
0 0.399612 0.0853496 0.178468 0.0335302
0 0.174588 0.0708706 0.256062 0.0411507
0 0.659554 0.0510573 0.0931135 0.0137169
0 0.562561 0.0579158 0.116392 0.0274338
0 0.0581959 0.0525814 0.116392 0.0411507
0 0.523763 0.0320061 0.116392 0.0182892
0 0.651794 0.0281958 0.201746 0.0320061
0 0.500485 0.015241 0.085354 0.0121928
0 0.0543162 0.0167651 0.0775946 0.015241
0 0.310378 0.0175271 0.124151 0.0259097
