0 0.389241 0.548323 0.0822785 0.0710059
0 0.306962 0.536489 0.0443038 0.0788955
0 0.382911 0.477318 0.056962 0.0552268
0 0.490506 0.445759 0.0316456 0.0394477
0 0.474684 0.370809 0.101266 0.0788955
0 0.525316 0.284024 0.0632911 0.0473373
0 0.297468 0.268245 0.202532 0.142012
0 0.537975 0.209073 0.101266 0.102564
0 0.357595 0.189349 0.0949367 0.0788955
0 0.0981013 0.228797 0.158228 0.220907
0 0.398734 0.122288 0.0379747 0.0394477
0 0.113924 0.126233 0.0253165 0.0473373
0 0.085443 0.0907298 0.0443038 0.0236686
0 0.170886 0.142012 0.113924 0.142012
0 0.306962 0.0986193 0.158228 0.086785
0 0.639241 0.0591716 0.113924 0.0552268
