0 0.488372 0.924847 0.0465116 0.0644172
0 0.950166 0.945808 0.0930233 0.108384
0 0.425249 0.916155 0.0531561 0.0817996
0 0.365449 0.879346 0.0398671 0.0408998
0 0.212625 0.805726 0.0531561 0.0408998
0 0.531561 0.752556 0.0398671 0.0817996
0 0.833887 0.740286 0.325581 0.319018
0 0.431894 0.498977 0.0398671 0.0490798
0 0.538206 0.351738 0.106312 0.147239
0 0.66113 0.335378 0.112957 0.163599
0 0.598007 0.261759 0.0930233 0.114519
0 0.750831 0.237219 0.0664452 0.130879
0 0.13289 0.143149 0.106312 0.0736196
0 0.0332226 0.126789 0.0664452 0.0736196
0 0.817276 0.159509 0.0664452 0.155419
0 0.677741 0.0981595 0.0930233 0.0654397
0 0.368771 0.0613497 0.0863787 0.0408998
0 0.159468 0.0490798 0.172757 0.0817996
