0 0.675676 0.928639 0.0540541 0.0456708
0 0.248311 0.875357 0.0533784 0.076118
0 0.351351 0.833492 0.0216216 0.0532826
0 0.756757 0.810656 0.0648649 0.0837298
0 0.797297 0.764986 0.0486486 0.038059
0 0.659459 0.76118 0.0432432 0.0608944
0 0.37027 0.76118 0.0702703 0.0608944
0 0.486486 0.772597 0.0756757 0.0989534
0 0.697297 0.715509 0.0540541 0.0456708
0 0.256757 0.692674 0.0378378 0.0304472
0 0.394595 0.681256 0.0324324 0.038059
0 0.532432 0.681256 0.0594595 0.0532826
0 0.462162 0.666032 0.0594595 0.038059
0 0.394595 0.624167 0.0324324 0.0456708
0 0.810811 0.666032 0.205405 0.175071
0 0.554054 0.513796 0.0702703 0.0685062
0 0.362162 0.502379 0.0540541 0.0608944
0 0.0810811 0.490961 0.0432432 0.038059
0 0.683784 0.502379 0.0918919 0.121789
0 0.627027 0.441484 0.0756757 0.0608944
0 0.786487 0.430067 0.0486486 0.0532826
0 0.178378 0.437678 0.0540541 0.0837298
0 0.272973 0.38059 0.0918919 0.106565
0 0.151351 0.338725 0.0648649 0.0685062
0 0.710811 0.334919 0.113514 0.16746
0 0.354054 0.270219 0.0486486 0.0532826
0 0.2 0.277831 0.0648649 0.0685062
0 0.572973 0.300666 0.118919 0.129401
0 0.418919 0.216936 0.0486486 0.0685062
0 0.0648649 0.171265 0.0432432 0.038059
0 0.513514 0.140818 0.0540541 0.038059
0 0.132432 0.0951475 0.0594595 0.0532826
