0 0.80246 0.948416 0.104535 0.0579186
0 0.784012 0.705882 0.0676403 0.0651584
0 0.83628 0.687783 0.0368947 0.0434389
0 0.848578 0.662443 0.0491929 0.0361991
0 0.69485 0.658824 0.0245965 0.0434389
0 0.759416 0.7819 0.424289 0.347511
0 0.642583 0.850679 0.0322829 0.0380091
0 0.667179 0.611765 0.055342 0.0506787
0 0.950038 0.579186 0.055342 0.0434389
0 0.851653 0.517647 0.0307456 0.0651584
0 0.967333 0.503167 0.0653344 0.079638
0 0.66103 0.517647 0.178324 0.137557
0 0.934666 0.430769 0.0368947 0.0361991
0 0.956188 0.38371 0.0430438 0.0434389
0 0.750192 0.376471 0.0614912 0.0579186
0 0.608763 0.361991 0.0245965 0.0434389
0 0.62721 0.206335 0.0860876 0.0506787
0 0.636433 0.126697 0.0799385 0.0941176
