0 0.475043 0.979424 0.0826162 0.0329218
0 0.0378657 0.72428 0.0344234 0.0329218
0 0.172117 0.59465 0.0413081 0.0288066
0 0.468158 0.520576 0.0688468 0.0288066
0 0.244406 0.485597 0.0481928 0.0411523
0 0.567986 0.465021 0.0619621 0.0329218
0 0.292599 0.45679 0.0481928 0.0329218
0 0.619621 0.444444 0.0550775 0.0246914
0 0.0619621 0.442387 0.0550775 0.0452675
0 0.364888 0.44856 0.0963855 0.0658436
0 0.657487 0.415638 0.0757315 0.0246914
0 0.172117 0.430041 0.192771 0.0781893
0 0.179002 0.364198 0.0963855 0.0452675
0 0.36833 0.329218 0.0619621 0.0329218
0 0.251291 0.323045 0.0619621 0.037037
0 0.0481928 0.298354 0.0550775 0.0288066
0 0.271945 0.261317 0.10327 0.0534979
0 0.32358 0.205761 0.110155 0.0411523
0 0.237522 0.146091 0.0481928 0.0288066
0 0.0688468 0.17284 0.137694 0.148148
0 0.0589501 0.158693 0.0507745 0.0303498
0 0.657487 0.236626 0.53012 0.325103
0 0.395869 0.115226 0.185886 0.0823045
0 0.898451 0.0843621 0.130809 0.0452675
0 0.936317 0.0493827 0.0963855 0.0576132
0 0.774527 0.0411523 0.130809 0.0576132
0 0.578313 0.0576132 0.247849 0.090535
0 0.22031 0.0720165 0.247849 0.135802
0 0.0791738 0.0308642 0.158348 0.0534979
