0 0.845573 0.948454 0.0549073 0.0412371
0 0.175703 0.835052 0.0988332 0.103093
0 0.315717 0.835052 0.104324 0.158076
0 0.0549073 0.783505 0.0658888 0.0549828
0 0.628689 0.780069 0.0494166 0.0618557
0 0.576527 0.75945 0.0329444 0.0343643
0 0.905971 0.756014 0.0658888 0.0687285
0 0.280027 0.769759 0.0878517 0.123711
0 0.18394 0.738832 0.0384351 0.0618557
0 0.620453 0.71134 0.0439259 0.0618557
0 0.653397 0.611684 0.0329444 0.0412371
0 0.488675 0.601375 0.0329444 0.0343643
0 0.573782 0.580756 0.0384351 0.04811
0 0.952642 0.542955 0.0384351 0.0549828
0 0.864791 0.536083 0.0494166 0.0412371
0 0.197666 0.601375 0.109815 0.171821
0 0.288264 0.512028 0.0384351 0.04811
0 0.0494166 0.591065 0.0988332 0.274914
0 0.771448 0.47079 0.0494166 0.04811
0 0.826356 0.450172 0.0274537 0.04811
0 0.200412 0.453608 0.0603981 0.0549828
0 0.2965 0.388316 0.0439259 0.0343643
0 0.389842 0.350515 0.0329444 0.0549828
0 0.774194 0.333333 0.0329444 0.0343643
0 0.200412 0.323024 0.0384351 0.0274914
0 0.656143 0.323024 0.0384351 0.0549828
0 0.452986 0.329897 0.0933425 0.0687285
0 0.0219629 0.312715 0.0439259 0.04811
0 0.318463 0.274914 0.0219629 0.0549828
0 0.0878517 0.285223 0.0878517 0.103093
0 0.354152 0.182131 0.0384351 0.04811
0 0.274537 0.199313 0.0658888 0.137457
0 0.422787 0.147766 0.0878517 0.158076
0 0.241592 0.0756014 0.0329444 0.0412371
0 0.104324 0.130584 0.197666 0.219931
