0 0.0492813 0.967005 0.0985626 0.0659899
0 0.542094 0.901523 0.0438056 0.048731
0 0.0355921 0.88934 0.0711841 0.0893401
0 0.0246407 0.844162 0.0383299 0.0477157
0 0.104038 0.812183 0.0657084 0.0974619
0 0.0793977 0.722843 0.0492813 0.0324873
0 0.167009 0.747208 0.136893 0.129949
0 0.227242 0.560406 0.180698 0.17868
0 0.194387 0.483249 0.0273785 0.0568528
0 0.197125 0.373604 0.394251 0.714721
0 0.0735797 0.577157 0.0294319 0.035533
0 0.186516 0.377665 0.0239562 0.0426396
0 0.856947 0.0365482 0.0492813 0.0568528
0 0.799452 0.121827 0.120465 0.227411
