0 0.963082 0.949555 0.0642055 0.0237389
0 0.744783 0.952522 0.102729 0.0356083
0 0.97191 0.916914 0.0561798 0.0178042
0 0.895666 0.952522 0.186196 0.0890208
0 0.638844 0.934718 0.134831 0.0652819
0 0.606742 0.906528 0.070626 0.0207715
0 0.754414 0.906528 0.0963082 0.0445104
0 0.638844 0.856083 0.12199 0.0445104
0 0.497592 0.836795 0.109149 0.0237389
0 0.577849 0.810089 0.154093 0.0296736
0 0.97512 0.799703 0.0497592 0.0267062
0 0.526485 0.778932 0.0513644 0.0207715
0 0.815409 0.830861 0.321027 0.142433
0 0.545746 0.74184 0.0898876 0.0356083
0 0.770465 0.67359 0.0642055 0.0237389
0 0.959069 0.649852 0.081862 0.0178042
0 0.97512 0.541543 0.0497592 0.0326409
0 0.979133 0.105341 0.0321027 0.0385757
0 0.966292 0.0667656 0.0577849 0.0207715
0 0.850722 0.0534125 0.0449438 0.0237389
