0 0.0391061 0.951417 0.0558659 0.0404858
0 0.851955 0.955466 0.0837989 0.0647773
0 0.53352 0.890688 0.027933 0.048583
0 0.603352 0.870445 0.0335196 0.0404858
0 0.659218 0.834008 0.0446927 0.048583
0 0.581006 0.838057 0.0223464 0.0566802
0 0.72905 0.821862 0.0726257 0.0890688
0 0.832402 0.817814 0.0558659 0.097166
0 0.773743 0.761134 0.0391061 0.0323887
0 0.882682 0.732794 0.0558659 0.0728745
0 0.564246 0.716599 0.0335196 0.0566802
0 0.0558659 0.704453 0.0670391 0.0809717
0 0.421788 0.680162 0.0614525 0.0647773
0 0.787709 0.659919 0.0446927 0.105263
0 0.918994 0.631579 0.0391061 0.0647773
0 0.701117 0.603239 0.0614525 0.0890688
0 0.941341 0.546559 0.0391061 0.0566802
0 0.793296 0.558704 0.0893855 0.097166
0 0.304469 0.534413 0.0726257 0.0809717
0 0.0446927 0.534413 0.0893855 0.097166
0 0.96648 0.493927 0.0558659 0.0323887
0 0.639665 0.493927 0.0391061 0.048583
0 0.72067 0.497976 0.100559 0.0890688
0 0.382682 0.473684 0.0391061 0.0404858
0 0.73743 0.437247 0.0335196 0.0323887
0 0.776536 0.412955 0.0335196 0.0647773
0 0.907821 0.384615 0.0726257 0.0890688
0 0.798883 0.352227 0.0335196 0.0566802
0 0.952514 0.311741 0.0391061 0.0404858
0 0.0111732 0.323887 0.0223464 0.0647773
0 0.136872 0.283401 0.0391061 0.0647773
0 0.874302 0.246964 0.0614525 0.0566802
0 0.812849 0.234818 0.027933 0.0647773
0 0.0810056 0.174089 0.0391061 0.0566802
0 0.930168 0.17004 0.106145 0.0809717
0 0.905028 0.121457 0.0558659 0.048583
0 0.891061 0.105263 0.162011 0.11336
