0 0.422511 0.971209 0.0831169 0.0307102
0 0.533333 0.971209 0.0692641 0.0383877
0 0.675325 0.948177 0.214719 0.0921305
0 0.325541 0.907869 0.110823 0.0422265
0 0.831169 0.900192 0.110823 0.0652591
0 0.81039 0.78119 0.0554113 0.0268714
0 0.921212 0.752399 0.110823 0.0690979
0 0.935065 0.700576 0.0415584 0.0345489
0 0.609524 0.596929 0.277056 0.126679
0 0.931602 0.533589 0.0900433 0.084453
0 0.869264 0.476008 0.0761905 0.0230326
0 0.70303 0.445297 0.0484849 0.0230326
0 0.782684 0.439539 0.0831169 0.0652591
0 0.962771 0.389635 0.0415584 0.0422265
