0 0.105634 0.423689 0.126761 0.0676819
0 0.257042 0.350592 0.0633803 0.0189509
0 0.31338 0.300508 0.21831 0.0974619
0 0.489437 0.162437 0.0492958 0.0216582
0 0.598592 0.166497 0.112676 0.0351946
0 0.28169 0.209814 0.309859 0.121827
0 0.116197 0.159729 0.119718 0.0433164
0 0.679577 0.170558 0.147887 0.0812183
0 0.721831 0.121827 0.0492958 0.0216582
0 0.232394 0.115059 0.140845 0.0406091
0 0.823944 0.0906937 0.112676 0.0622673
0 0.123239 0.0717428 0.133803 0.105584
0 0.496479 0.0433164 0.246479 0.0758037
