0 0.265506 0.908544 0.147987 0.0264741
0 0.822633 0.890493 0.0957563 0.0192539
0 0.0565832 0.860409 0.0957563 0.0192539
0 0.73123 0.856799 0.0870511 0.0144404
0 0.413493 0.855596 0.200218 0.0192539
0 0.853101 0.849579 0.139282 0.0144404
0 0.530468 0.916366 0.939064 0.160048
0 0.861806 0.94457 0.143634 0.0221119
0 0.313384 0.829723 0.191513 0.0180505
0 0.113166 0.824308 0.139282 0.0144404
0 0.887922 0.677497 0.104461 0.0120337
0 0.961915 0.658243 0.0609358 0.0240674
0 0.892274 0.418171 0.0957563 0.0204573
0 0.574538 0.218412 0.121872 0.0108303
0 0.887922 0.208785 0.104461 0.0132371
0 0.95321 0.203369 0.0609358 0.0192539
0 0.605005 0.196751 0.235038 0.0204573
0 0.927095 0.100481 0.130577 0.0348977
0 0.76605 0.0884477 0.0870511 0.0132371
0 0.365615 0.0806258 0.104461 0.0168472
0 0.809576 0.0481348 0.208923 0.0240674
0 0.100109 0.0385078 0.078346 0.0168472
0 0.182807 0.00842359 0.0870511 0.0144404
