0 0.905272 0.713071 0.189456 0.0364203
0 0.497529 0.558764 0.322899 0.0364203
0 0.233937 0.530011 0.112026 0.0191686
0 0.629325 0.5003 0.217463 0.0383371
0 0.777595 0.483527 0.105437 0.0220438
0 0.570016 0.469151 0.0724876 0.020127
0 0.91598 0.339284 0.158155 0.0345034
0 0.102142 0.275069 0.191104 0.0230023
0 0.889621 0.26836 0.210873 0.0325866
0 0.247117 0.2559 0.112026 0.013418
0 0.062603 0.209417 0.112026 0.0297113
0 0.560132 0.145681 0.144975 0.013418
0 0.602965 0.117887 0.243822 0.0230023
0 0.0823723 0.0991973 0.151565 0.0373787
0 0.589786 0.0944052 0.810544 0.0622978
0 0.567133 0.0905715 0.147446 0.014616
0 0.514003 0.0191686 0.250412 0.0115011
