0 0.234734 0.956938 0.114195 0.061244
0 0.101507 0.909091 0.190325 0.172249
0 0.437748 0.738756 0.114195 0.0688995
0 0.114195 0.736842 0.215702 0.202871
0 0.44092 0.64689 0.0697859 0.0382775
0 0.510706 0.591388 0.0570975 0.0191388
0 0.396511 0.606699 0.0444092 0.0497608
0 0.072958 0.627751 0.133228 0.114833
0 0.447264 0.532057 0.0697859 0.045933
0 0.231562 0.533971 0.171293 0.164593
0 0.371134 0.442105 0.0697859 0.0650718
0 0.196669 0.421053 0.0634417 0.0382775
0 0.0253767 0.436364 0.0507534 0.0688995
0 0.231562 0.310048 0.0444092 0.0229665
0 0.507534 0.308134 0.038065 0.0267943
0 0.0348929 0.287081 0.0570975 0.0382775
0 0.234734 0.315789 0.279144 0.18756
0 0.437748 0.250718 0.101507 0.0956938
0 0.215702 0.214354 0.101507 0.0535885
0 0.171293 0.158852 0.342585 0.179904
0 0.161776 0.155263 0.109437 0.0511962
0 0.409199 0.0669856 0.183981 0.0650718
