0 0.0318471 0.934188 0.0636943 0.0222222
0 0.0414013 0.862393 0.0828025 0.0188034
0 0.550955 0.857265 0.0700637 0.0188034
0 0.245223 0.920513 0.490446 0.152137
0 0.535032 0.72735 0.178344 0.0358974
0 0.770701 0.667521 0.089172 0.0119658
0 0.926752 0.647863 0.133758 0.0376068
0 0.767516 0.644444 0.146497 0.034188
0 0.515924 0.64188 0.254777 0.11453
0 0.442675 0.590598 0.0700637 0.0153846
0 0.640127 0.564957 0.133758 0.0393162
0 0.426752 0.550427 0.0764331 0.017094
0 0.39172 0.467521 0.133758 0.0290598
0 0.452627 0.400855 0.0756369 0.0153846
0 0.43949 0.353846 0.089172 0.0273504
0 0.910828 0.0837607 0.0764331 0.0239316
0 0.907643 0.0384615 0.133758 0.0358974
0 0.850318 0.0153846 0.0828025 0.0205128
