0 0.699062 0.836518 0.0341006 0.059448
0 0.834186 0.636943 0.331628 0.390658
0 0.872975 0.450106 0.0682012 0.0679406
0 0.497869 0.44586 0.0682012 0.0764331
0 0.685422 0.501062 0.197783 0.254777
0 0.970588 0.390658 0.0588235 0.0679406
0 0.54902 0.36518 0.0341006 0.0339703
0 0.491049 0.335456 0.0409207 0.059448
0 0.849105 0.335456 0.129582 0.110403
0 0.984228 0.26327 0.0315431 0.0339703
0 0.542199 0.288747 0.0613811 0.0849257
0 0.644501 0.309979 0.0886616 0.144374
0 0.937766 0.271762 0.0477408 0.0849257
0 0.763853 0.267516 0.0818414 0.110403
0 0.439898 0.225053 0.0477408 0.059448
0 0.866155 0.208068 0.0409207 0.0424628
0 0.658142 0.212314 0.0477408 0.0509554
0 0.967178 0.165605 0.0656437 0.127389
0 0.739983 0.106157 0.0477408 0.0424628
0 0.675192 0.0849257 0.0409207 0.0339703
0 0.984228 0.0764331 0.0315431 0.0339703
