0 0.438503 0.940515 0.0499109 0.0224824
0 0.531194 0.89555 0.0926916 0.0674473
0 0.249554 0.886183 0.0998217 0.0487119
0 0.652406 0.846838 0.106952 0.0449649
0 0.377897 0.854333 0.114082 0.0824356
0 0.524064 0.779391 0.0499109 0.0224824
0 0.377897 0.732553 0.057041 0.0262295
0 0.684492 0.657611 0.057041 0.0262295
0 0.278075 0.477752 0.057041 0.0337237
0 0.916221 0.442155 0.0641711 0.0224824
0 0.30303 0.352225 0.0499109 0.0299766
0 0.28164 0.299766 0.0499109 0.0224824
0 0.967023 0.222951 0.0659536 0.0262295
0 0.196078 0.0580796 0.178253 0.0637002
0 0.0677362 0.0262295 0.0641711 0.0224824
0 0.909091 0.0430913 0.163993 0.0637002
0 0.299465 0.0187354 0.057041 0.0224824
