0 0.23814 0.953678 0.0446512 0.0254314
0 0.0334884 0.948229 0.0669767 0.0363306
0 0.115349 0.920981 0.0818605 0.0472298
0 0.357209 0.913715 0.11907 0.0690282
0 0.818605 0.797457 0.11907 0.0544959
0 0.963721 0.792007 0.0669767 0.0508629
0 0.115349 0.732062 0.0669767 0.0254314
0 0.226977 0.728429 0.111628 0.061762
0 0.174884 0.659401 0.349767 0.170754
0 0.271628 0.537693 0.052093 0.0217984
0 0.751628 0.532243 0.0893023 0.0254314
0 0.0595349 0.18347 0.11907 0.0544959
0 0.148837 0.0726612 0.0446512 0.0290645
0 0.922791 0.0726612 0.0893023 0.0435967
0 0.972558 0.0565395 0.0548837 0.0467757
0 0.0930233 0.0762943 0.186047 0.123524
