0 0.958814 0.792424 0.0724876 0.0245713
0 0.794069 0.709496 0.0593081 0.0225237
0 0.866557 0.681853 0.243822 0.0532378
0 0.609555 0.664448 0.0593081 0.0184285
0 0.921746 0.641925 0.156507 0.0511902
0 0.665568 0.627591 0.131796 0.0307141
0 0.76112 0.621449 0.0593081 0.0266189
0 0.718287 0.596877 0.105437 0.0225237
0 0.850082 0.578449 0.0790774 0.0429997
0 0.688633 0.568211 0.112026 0.0307141
0 0.616145 0.544663 0.0988468 0.0245713
0 0.942339 0.466854 0.092257 0.0245713
0 0.962109 0.39314 0.0658979 0.0368569
0 0.902801 0.352188 0.131796 0.0491426
0 0.682043 0.26107 0.0593081 0.0225237
0 0.952224 0.20988 0.0724876 0.0143332
0 0.836903 0.147428 0.092257 0.0163809
0 0.425041 0.0266189 0.0724876 0.0245713
