0 0.681967 0.969536 0.052459 0.0317881
0 0.209836 0.937748 0.0699454 0.0529801
0 0.935519 0.943046 0.122404 0.10596
0 0.498361 0.895364 0.314754 0.180132
0 0.271038 0.821192 0.0349727 0.0317881
0 0.629508 0.778808 0.0349727 0.0317881
0 0.625137 0.66755 0.0262295 0.0423841
0 0.856831 0.635762 0.052459 0.0211921
0 0.384699 0.593377 0.0349727 0.0635762
0 0.769399 0.482119 0.0349727 0.0317881
0 0.751913 0.566887 0.122404 0.201325
0 0.90929 0.349669 0.0349727 0.0423841
0 0.961749 0.307285 0.0699454 0.0847682
0 0.712568 0.291391 0.0437158 0.0529801
0 0.0699454 0.243709 0.052459 0.0423841
