0 0.272446 0.945217 0.0371517 0.0327065
0 0.613003 0.905969 0.0247678 0.045789
0 0.352941 0.827473 0.0371517 0.045789
0 0.417957 0.798038 0.0804954 0.0654129
0 0.795666 0.745707 0.0557276 0.0784955
0 0.866873 0.703189 0.0743034 0.0588716
0 0.582043 0.631235 0.0247678 0.045789
0 0.68421 0.614881 0.0309598 0.0392478
0 0.981424 0.601799 0.0309598 0.0784955
0 0.916409 0.569092 0.0619195 0.0915781
0 0.650155 0.45789 0.0371517 0.0392478
0 0.882353 0.45789 0.0557276 0.0523303
0 0.721362 0.421913 0.0309598 0.0327065
0 0.866873 0.392478 0.0371517 0.0392478
0 0.820433 0.3565 0.0309598 0.0327065
0 0.603715 0.294358 0.0309598 0.0523303
0 0.789474 0.271464 0.0309598 0.0327065
0 0.897833 0.281276 0.0743034 0.0784955
0 0.708978 0.238757 0.0309598 0.0327065
0 0.721362 0.127555 0.0309598 0.0327065
0 0.882353 0.117743 0.0681114 0.104661
0 0.786378 0.045789 0.0371517 0.0523303
