0 0.0783615 0.985635 0.0854853 0.0287303
0 0.381122 0.91072 0.691006 0.0963855
0 0.687444 0.851328 0.0783615 0.0171455
0 0.747996 0.816806 0.327694 0.0271857
0 0.890472 0.787149 0.170971 0.0222428
0 0.630454 0.774791 0.192342 0.0345999
0 0.559216 0.759963 0.163847 0.0271857
0 0.879786 0.755638 0.206589 0.0308928
0 0.473731 0.734631 0.163847 0.0185357
0 0.940338 0.72907 0.0854853 0.0123571
0 0.345503 0.732159 0.064114 0.0185357
0 0.156723 0.649985 0.256456 0.0494285
0 0.797863 0.625888 0.0997329 0.0210071
0 0.926091 0.607352 0.11398 0.0383071
0 0.18878 0.59376 0.334817 0.0679642
0 0.826358 0.57337 0.313446 0.0469571
0 0.88691 0.540624 0.178094 0.0185357
0 0.801425 0.510967 0.349065 0.0333642
0 0.463045 0.490578 0.128228 0.0222428
0 0.840606 0.449181 0.11398 0.0185357
0 0.327694 0.347235 0.0997329 0.0148285
0 0.680321 0.341057 0.149599 0.0271857
0 0.373998 0.335496 0.149599 0.0234785
0 0.477293 0.313253 0.156723 0.0407785
0 0.270703 0.294717 0.142476 0.0135928
0 0.345503 0.276799 0.149599 0.0247142
0 0.441674 0.258264 0.0854853 0.0148285
0 0.737311 0.258882 0.106857 0.0210071
0 0.11398 0.263207 0.213713 0.0444856
0 0.527159 0.26506 0.199466 0.0531356
0 0.815672 0.23046 0.178094 0.0234785
0 0.117542 0.0105036 0.235085 0.0185357
