0 0.376654 0.746528 0.0311284 0.0347222
0 0.578988 0.489583 0.0622568 0.0347222
0 0.622568 0.434028 0.0622568 0.0347222
0 0.0715953 0.472222 0.0684825 0.125
0 0.280156 0.440972 0.136965 0.118056
0 0.498054 0.399306 0.0498054 0.0486111
0 0.395331 0.416667 0.0560311 0.0833333
0 0.0747082 0.361111 0.0498054 0.0833333
0 0.130739 0.302083 0.0498054 0.0625
0 0.389105 0.305556 0.0933852 0.125
0 0.205447 0.322917 0.18677 0.229167
0 0.401556 0.215278 0.0435798 0.0416667
0 0.115175 0.190972 0.0684825 0.0625
0 0.177432 0.15625 0.0435798 0.0347222
0 0.0529183 0.239583 0.0809339 0.215278
0 0.105837 0.125 0.0498054 0.0555556
0 0.0871595 0.0763889 0.0249027 0.0416667
