0 0.0837696 0.914744 0.167539 0.112337
0 0.359511 0.822467 0.034904 0.0401204
0 0.369983 0.754263 0.0418848 0.0481444
0 0.0558464 0.734203 0.0977312 0.0882648
0 0.247818 0.67001 0.25829 0.200602
0 0.233857 0.697593 0.0366492 0.0511535
0 0.561955 0.557673 0.034904 0.0401204
0 0.254799 0.45336 0.0907504 0.0561685
0 0.527051 0.417252 0.034904 0.0481444
0 0.101222 0.421264 0.188482 0.120361
0 0.453752 0.477432 0.265271 0.409228
0 0.60733 0.23671 0.0418848 0.0561685
0 0.652705 0.172518 0.0628272 0.0401204
0 0.684119 0.100301 0.069808 0.0722167
0 0.226876 0.0521565 0.0767888 0.0882648
