0 0.120448 0.98814 0.0728291 0.0222054
0 0.173669 0.878123 0.0784314 0.0161494
0 0.296919 0.866011 0.0560224 0.0363361
0 0.403361 0.877113 0.168067 0.0746909
0 0.305322 0.80545 0.140056 0.0726722
0 0.462185 0.755993 0.0616246 0.0181681
0 0.330532 0.748928 0.0784314 0.0282614
0 0.403361 0.740853 0.0672269 0.0363361
0 0.543417 0.724703 0.134454 0.0524855
0 0.669468 0.681302 0.0728291 0.0302801
0 0.481793 0.679283 0.10084 0.0464295
0 0.445378 0.643957 0.0616246 0.0282614
0 0.352941 0.587434 0.0672269 0.0242241
0 0.644258 0.572294 0.0672269 0.0464295
0 0.453782 0.551098 0.0784314 0.0161494
0 0.596639 0.561191 0.240896 0.0605602
0 0.901961 0.482463 0.0896359 0.0242241
0 0.862745 0.42594 0.235294 0.0807469
0 0.19888 0.363361 0.341737 0.0322988
0 0.579832 0.397679 0.464986 0.104971
0 0.54902 0.34923 0.280112 0.0726722
0 0.84874 0.280596 0.151261 0.0282614
0 0.644258 0.295736 0.123249 0.0585415
0 0.817927 0.22811 0.190476 0.0403735
0 0.588235 0.245269 0.313726 0.143326
0 0.680672 0.171587 0.0728291 0.0161494
0 0.934174 0.213979 0.131653 0.113046
0 0.795518 0.145344 0.0672269 0.0242241
0 0.94958 0.0938683 0.0728291 0.0383548
0 0.857143 0.103962 0.246499 0.0827656
0 0.568627 0.0524855 0.196078 0.0282614
0 0.929972 0.0333081 0.0896359 0.0141307
