0 0.34375 0.981074 0.116071 0.00926999
0 0.959821 0.960216 0.0803571 0.023175
0 0.647321 0.939359 0.0803571 0.01854
0 0.558036 0.954036 0.8125 0.0787949
0 0.8125 0.906141 0.107143 0.013905
0 0.290179 0.886829 0.0982143 0.01854
0 0.4375 0.872924 0.107143 0.02163
0 0.736607 0.862109 0.0982143 0.01236
0 0.584821 0.872924 0.116071 0.03708
0 0.142857 0.868289 0.285714 0.0401699
0 0.258929 0.853611 0.160714 0.026265
0 0.276786 0.826574 0.0892857 0.01236
0 0.34375 0.808806 0.151786 0.026265
0 0.174107 0.802626 0.223214 0.029355
0 0.25 0.791811 0.178571 0.023175
0 0.642857 0.808034 0.714286 0.12669
0 0.901786 0.831209 0.145089 0.0343762
0 0.120536 0.412514 0.241071 0.0432599
0 0.459821 0.393202 0.294643 0.026265
0 0.669643 0.384705 0.0892857 0.01854
0 0.59375 0.35535 0.116071 0.01545
