0 0.580542 0.93563 0.0382775 0.0290118
0 0.682616 0.932004 0.076555 0.0507706
0 0.446571 0.899365 0.165869 0.0725295
0 0.870813 0.910245 0.236045 0.152312
0 0.478469 0.855848 0.0382775 0.0435177
0 0.427432 0.841342 0.0382775 0.0435177
0 0.220096 0.757933 0.0446571 0.0507706
0 0.523126 0.721668 0.0382775 0.0507706
0 0.835726 0.696283 0.318979 0.275612
0 0.430622 0.482321 0.0318979 0.0362647
0 0.497608 0.44243 0.0382775 0.0290118
0 0.628389 0.388033 0.0574163 0.0507706
0 0.532695 0.355394 0.0956938 0.130553
0 0.660287 0.30825 0.0956938 0.0942883
0 0.586922 0.275612 0.0893142 0.101541
0 0.733652 0.253853 0.0637958 0.116047
0 0.133971 0.166818 0.0893142 0.0725295
0 0.0510367 0.159565 0.0510367 0.0725295
0 0.800638 0.181324 0.0574163 0.130553
0 0.666667 0.1233 0.0829346 0.0580236
0 0.373206 0.0870354 0.0829346 0.0580236
0 0.277512 0.068903 0.0446571 0.0652765
0 0.169059 0.068903 0.172249 0.108794
0 0.0318979 0.0797824 0.0637958 0.145059
