0 0.131474 0.776331 0.0717131 0.0757396
0 0.804781 0.686391 0.0318725 0.0473373
0 0.0717131 0.662722 0.063745 0.0757396
0 0.657371 0.610651 0.0398406 0.0473373
0 0.589641 0.392899 0.0318725 0.0473373
0 0.7251 0.378698 0.063745 0.0568047
0 0.944223 0.364497 0.0398406 0.0473373
0 0.486056 0.359763 0.063745 0.0378698
0 0.549801 0.350296 0.0478088 0.0568047
0 0.812749 0.307692 0.0318725 0.0852071
0 0.916335 0.274556 0.0478088 0.0378698
0 0.47012 0.269822 0.12749 0.0852071
0 0.669323 0.269822 0.111554 0.104142
0 0.577689 0.189349 0.0557769 0.0378698
0 0.760956 0.198817 0.262948 0.113609
0 0.938247 0.156213 0.123506 0.142012
