0 0.540825 0.964504 0.0421422 0.0293758
0 0.649693 0.94492 0.161545 0.0685434
0 0.861721 0.935741 0.276558 0.128519
0 0.965759 0.866585 0.0351185 0.0489596
0 0.674276 0.856793 0.0561896 0.0685434
0 0.600527 0.842105 0.0351185 0.0391677
0 0.755048 0.832313 0.0351185 0.0391677
0 0.0737489 0.465116 0.0351185 0.0489596
0 0.161545 0.367197 0.112379 0.0881273
0 0.0210711 0.362301 0.0421422 0.0783354
0 0.32309 0.249694 0.0702371 0.0881273
0 0.0737489 0.195838 0.0632133 0.0587515
0 0.13345 0.181151 0.0280948 0.0489596
0 0.863916 0.220318 0.196664 0.166463
0 0.572432 0.127295 0.0210711 0.0587515
0 0.642669 0.0783354 0.161545 0.0979192
0 0.505707 0.0636475 0.0702371 0.0685434
0 0.224759 0.0734394 0.210711 0.127295
0 0.0456541 0.0440637 0.0772608 0.0685434
