0 0.105837 0.951304 0.0996109 0.0452174
0 0.809339 0.937391 0.0498054 0.0313043
0 0.753307 0.930435 0.0498054 0.0243478
0 0.920233 0.953044 0.159533 0.0904348
0 0.146304 0.928696 0.0560311 0.0417391
0 0.164981 0.8 0.0933852 0.0486957
0 0.510506 0.766957 0.0622568 0.0173913
0 0.174319 0.728696 0.0996109 0.0382609
0 0.607004 0.718261 0.0560311 0.0243478
0 0.466926 0.686957 0.0622568 0.0243478
0 0.722179 0.643478 0.0622568 0.0278261
0 0.516732 0.558261 0.0498054 0.0313043
0 0.874708 0.551304 0.0933852 0.0243478
0 0.348638 0.549565 0.0747082 0.0208696
0 0.768872 0.53913 0.0684825 0.0347826
0 0.918288 0.52 0.0435798 0.0313043
0 0.812451 0.516522 0.0809339 0.0452174
0 0.575875 0.513043 0.0933852 0.0382609
0 0.681712 0.52 0.118288 0.0591304
0 0.479377 0.509565 0.0498054 0.0452174
0 0.432685 0.467826 0.118288 0.0382609
0 0.600778 0.446957 0.0435798 0.0243478
0 0.516732 0.44 0.0747082 0.0313043
0 0.765759 0.427826 0.124514 0.0347826
0 0.669261 0.44 0.0560311 0.0591304
0 0.828016 0.389565 0.0622568 0.0347826
0 0.862257 0.276522 0.0435798 0.0243478
0 0.955642 0.248696 0.0684825 0.0313043
0 0.600778 0.236522 0.105837 0.0417391
0 0.877821 0.227826 0.0622568 0.0382609
0 0.743969 0.231304 0.168093 0.08
0 0.940078 0.158261 0.0996109 0.0313043
0 0.890272 0.093913 0.0498054 0.0208696
