0 0.025177 0.895175 0.0503541 0.0998336
0 0.248623 0.865225 0.258065 0.146423
0 0.0157356 0.795341 0.0314713 0.0332779
0 0.305271 0.768719 0.0566483 0.046589
0 0.446892 0.745424 0.025177 0.0399334
0 0.358773 0.725458 0.025177 0.0399334
0 0.305271 0.605657 0.0440598 0.0399334
0 0.261212 0.608985 0.0440598 0.046589
0 0.0566483 0.66223 0.113297 0.232945
0 0.623131 0.519135 0.0503541 0.0399334
0 0.110149 0.412646 0.0944138 0.0665557
0 0.195122 0.359401 0.0629426 0.0399334
0 0.305271 0.342762 0.0566483 0.046589
0 0.100708 0.266223 0.0755311 0.0532446
0 0.412274 0.252912 0.0440598 0.0399334
0 0.487805 0.209651 0.0566483 0.046589
0 0.497246 0.146423 0.0377655 0.0266223
0 0.138474 0.153078 0.0755311 0.0798669
0 0.0283242 0.129784 0.0566483 0.046589
0 0.52557 0.106489 0.0440598 0.0266223
0 0.248623 0.136439 0.107002 0.0998336
0 0.418568 0.109817 0.0692368 0.0732113
