0 0.526749 0.749164 0.0658436 0.0802676
0 0.776406 0.61204 0.0713306 0.0602007
0 0.97668 0.605351 0.0219479 0.0602007
0 0.908093 0.588629 0.104252 0.0668896
0 0.554184 0.555184 0.0438957 0.0267559
0 0.625514 0.628763 0.219479 0.187291
0 0.973937 0.531773 0.0384088 0.0735786
0 0.773663 0.511706 0.120713 0.0602007
0 0.877915 0.491639 0.142661 0.0735786
0 0.979424 0.454849 0.0274348 0.0401338
0 0.576132 0.48495 0.0877915 0.113712
0 0.438957 0.431438 0.0329218 0.0334448
0 0.504801 0.421405 0.0329218 0.0401338
0 0.559671 0.341137 0.0548697 0.0668896
0 0.949931 0.341137 0.100137 0.107023
0 0.677641 0.351171 0.170096 0.140468
0 0.784636 0.284281 0.0658436 0.0735786
0 0.482853 0.264214 0.120713 0.0869565
0 0.814815 0.220736 0.0493827 0.0401338
0 0.449931 0.183946 0.109739 0.100334
0 0.255144 0.0802676 0.0932785 0.0936455
0 0.115226 0.0802676 0.120713 0.133779
