0 0.630769 0.967078 0.0410256 0.0576132
0 0.75641 0.954732 0.0871795 0.0658436
0 0.676923 0.938272 0.0820513 0.0658436
0 0.925641 0.921811 0.0666667 0.0823045
0 0.0871795 0.893004 0.0717949 0.090535
0 0.674359 0.864197 0.0358974 0.0493827
0 0.184615 0.860082 0.0615385 0.0740741
0 0.54359 0.860082 0.153846 0.139918
0 0.971795 0.814815 0.0358974 0.115226
0 0.933333 0.753086 0.0307692 0.0411523
0 0.0333333 0.744856 0.0358974 0.0576132
0 0.966667 0.716049 0.0358974 0.0493827
0 0.0564103 0.674897 0.0307692 0.0823045
0 0.579487 0.609053 0.0512821 0.0493827
0 0.469231 0.609053 0.0461538 0.0493827
0 0.0794872 0.563786 0.0974359 0.0740741
0 0.512821 0.493827 0.0512821 0.0823045
0 0.830769 0.469136 0.0923077 0.0658436
0 0.884615 0.427984 0.0358974 0.0658436
0 0.966667 0.337449 0.0358974 0.0329218
0 0.158974 0.419753 0.153846 0.197531
0 0.0205128 0.337449 0.0410256 0.131687
0 0.597436 0.288066 0.025641 0.0493827
0 0.538462 0.300412 0.0820513 0.139918
0 0.161538 0.255144 0.0666667 0.0658436
0 0.964103 0.234568 0.0717949 0.090535
0 0.579487 0.209877 0.0307692 0.0411523
0 0.412821 0.209877 0.0461538 0.0576132
0 0.961538 0.185185 0.0461538 0.0411523
0 0.0538462 0.193416 0.0769231 0.106996
0 0.510256 0.176955 0.0564103 0.106996
0 0.920513 0.119342 0.0564103 0.0576132
0 0.453846 0.127572 0.0769231 0.090535
0 0.594872 0.090535 0.0307692 0.0329218
0 0.110256 0.0987654 0.0461538 0.0823045
0 0.95641 0.0781893 0.0871795 0.090535
0 0.384615 0.0576132 0.0512821 0.0823045
0 0.961538 0.0246914 0.0358974 0.0329218
0 0.130769 0.0288066 0.0461538 0.0411523
0 0.0384615 0.0534979 0.0666667 0.090535
