0 0.234548 0.962472 0.0633914 0.01766
0 0.405705 0.962472 0.0760697 0.0294334
0 0.155309 0.947756 0.0316957 0.0353201
0 0.22187 0.903606 0.0760697 0.0412068
0 0.129952 0.877116 0.044374 0.0470935
0 0.231379 0.859455 0.0697306 0.0353201
0 0.364501 0.885946 0.107765 0.12362
0 0.656101 0.824135 0.044374 0.0235467
0 0.627575 0.794702 0.0633914 0.0470935
0 0.136292 0.806475 0.0824089 0.0706402
0 0.659271 0.706402 0.0760697 0.0470935
0 0.206022 0.718175 0.0950872 0.0824135
0 0.155309 0.650478 0.044374 0.0412068
0 0.605388 0.682855 0.120444 0.14128
0 0.545166 0.626932 0.0380349 0.0294334
0 0.833597 0.600442 0.0316957 0.0470935
0 0.44691 0.532745 0.0570523 0.0412068
0 0.196513 0.529801 0.0633914 0.0470935
0 0.925515 0.456218 0.0380349 0.0294334
0 0.383518 0.618102 0.1458 0.364974
0 0.0316957 0.444444 0.0253566 0.0412068
0 0.459588 0.441501 0.0697306 0.0588668
0 0.773376 0.438558 0.0507132 0.0647535
0 0.671949 0.479765 0.202853 0.182487
0 0.342314 0.391464 0.0380349 0.0294334
0 0.573693 0.367918 0.0570523 0.0412068
0 0.339144 0.350258 0.044374 0.0294334
0 0.662441 0.353201 0.0570523 0.0470935
0 0.44374 0.353201 0.0633914 0.0588668
0 0.732171 0.364974 0.0824089 0.10596
0 0.820919 0.326711 0.0570523 0.0412068
0 0.557845 0.314937 0.0507132 0.0412068
0 0.846276 0.267844 0.0316957 0.0412068
0 0.488114 0.285504 0.0760697 0.0765269
0 0.703645 0.273731 0.0633914 0.100074
0 0.643423 0.223694 0.0570523 0.0235467
0 0.472266 0.1766 0.0570523 0.0706402
0 0.754358 0.191317 0.101426 0.111847
0 0.916006 0.144224 0.0570523 0.0412068
0 0.801902 0.10596 0.044374 0.0824135
