0 0.850829 0.753749 0.110497 0.0205209
0 0.883978 0.715075 0.103131 0.0220994
0 0.876611 0.67719 0.0736648 0.0220994
0 0.626151 0.619574 0.103131 0.0205209
0 0.54512 0.598264 0.162063 0.0157853
0 0.54512 0.583268 0.103131 0.0205209
0 0.52302 0.543015 0.162063 0.050513
0 0.530387 0.496448 0.0883978 0.0142068
0 0.559853 0.471192 0.0736648 0.0142068
0 0.41989 0.321231 0.103131 0.0173639
0 0.412523 0.273875 0.103131 0.026835
0 0.438306 0.245462 0.0957643 0.0205209
0 0.464088 0.202841 0.132597 0.0331492
0 0.486188 0.170481 0.103131 0.0378848
0 0.287293 0.123125 0.0736648 0.0189424
0 0.0736648 0.103394 0.0883978 0.0205209
0 0.471455 0.112076 0.0883978 0.0441989
0 0.265193 0.0876085 0.0883978 0.0299921
0 0.449355 0.0591949 0.0736648 0.0142068
0 0.79558 0.0378848 0.0883978 0.0157853
0 0.0294659 0.0378848 0.0589319 0.0189424
0 0.441989 0.00868193 0.103131 0.0110497
