0 0.481328 0.79427 0.962656 0.140201
0 0.244813 0.675404 0.190871 0.0219445
0 0.0954357 0.669918 0.0912863 0.0109723
0 0.394191 0.645535 0.107884 0.0134105
0 0.751037 0.63761 0.307054 0.0243828
0 0.0746888 0.548613 0.116183 0.0121914
0 0.26556 0.579092 0.26556 0.0829016
0 0.29305 0.599208 0.0840249 0.0161536
0 0.107884 0.533984 0.165975 0.017068
0 0.410788 0.52484 0.124481 0.0256019
0 0.817427 0.533374 0.207469 0.0475465
0 0.456432 0.512039 0.0829876 0.0121914
0 0.647303 0.507162 0.13278 0.0243828
0 0.136929 0.491314 0.107884 0.017068
0 0.145228 0.473027 0.107884 0.0146297
0 0.863071 0.451692 0.232365 0.0670527
0 0.647303 0.315148 0.0995851 0.0182871
0 0.157676 0.31149 0.19917 0.0158488
0 0.190871 0.298689 0.13278 0.00975312
0 0.630705 0.290155 0.19917 0.0316977
0 0.435685 0.276745 0.207469 0.0195062
0 0.763485 0.247486 0.0829876 0.017068
0 0.514523 0.185919 0.282158 0.0621762
0 0.66805 0.122524 0.141079 0.0231637
0 0.825726 0.0969217 0.257261 0.0329168
0 0.767635 0.0579092 0.141079 0.0134105
0 0.273859 0.0359646 0.13278 0.00853398
0 0.775934 0.0377934 0.157676 0.017068
0 0.877593 0.0176775 0.244813 0.0182871
