0 0.2959 0.969578 0.0641711 0.0183186
0 0.459893 0.974812 0.163993 0.0392542
0 0.0713012 0.972195 0.142602 0.0340203
0 0.655971 0.940792 0.0855615 0.0235525
0 0.516934 0.918548 0.0784314 0.0209356
0 0.235294 0.892378 0.0998217 0.0261694
0 0.720143 0.853124 0.0998217 0.0314033
0 0.392157 0.8649 0.199643 0.0549558
0 0.680927 0.829571 0.0641711 0.0157017
0 0.520499 0.833497 0.0855615 0.0235525
0 0.2959 0.81387 0.135472 0.0314033
0 0.402852 0.798168 0.0926916 0.0314033
0 0.474153 0.77985 0.0641711 0.0209356
0 0.185383 0.692182 0.199643 0.0340203
0 0.153298 0.609748 0.292335 0.0889761
0 0.434938 0.510304 0.0998217 0.0314033
0 0.224599 0.481518 0.434938 0.172718
0 0.0713012 0.447498 0.0891266 0.0163559
0 0.146168 0.378149 0.178253 0.0287864
0 0.495544 0.35983 0.0784314 0.0130847
0 0.0534759 0.351979 0.0926916 0.0340203
0 0.581105 0.331044 0.0641711 0.0183186
0 0.670232 0.310108 0.0713012 0.0340203
0 0.816399 0.200196 0.0926916 0.0444881
0 0.631016 0.170101 0.163993 0.0575728
0 0.28877 0.0667321 0.135472 0.0549558
0 0.977718 0.0353288 0.0445633 0.0287864
0 0.88057 0.0523389 0.163993 0.0837422
0 0.442068 0.0327118 0.185383 0.0497219
0 0.26025 0.185803 0.506239 0.355904
0 0.221034 0.273471 0.386809 0.0765456
0 0.209893 0.143932 0.123886 0.0372915
0 0.670232 0.0300949 0.285205 0.0549558
