0 0.104882 0.960452 0.209765 0.0569491
0 0.296564 0.927006 0.274864 0.0388701
0 0.0976492 0.903503 0.195298 0.0262147
0 0.231465 0.884068 0.0867993 0.0126554
0 0.339964 0.878644 0.101266 0.0144633
0 0.242315 0.871412 0.108499 0.0126554
0 0.401447 0.859661 0.108499 0.0253107
0 0.37613 0.785989 0.101266 0.0099435
0 0.249548 0.775141 0.122966 0.020791
0 0.249548 0.746667 0.224231 0.0470056
0 0.401447 0.720904 0.108499 0.0099435
0 0.820976 0.617401 0.137432 0.00903955
0 0.0976492 0.59887 0.180832 0.0659887
0 0.0723327 0.494011 0.115732 0.0424859
0 0.444846 0.503051 0.39783 0.0840678
0 0.491863 0.49 0.0886076 0.0129943
0 0.81736 0.428927 0.231465 0.0334463
0 0.698011 0.404972 0.108499 0.0253107
0 0.907776 0.396836 0.122966 0.0253107
0 0.76311 0.370169 0.166365 0.0153672
0 0.162749 0.360226 0.0940326 0.0153672
0 0.556962 0.343503 0.144665 0.0180791
0 0.970163 0.330847 0.0596745 0.0253107
0 0.184448 0.229605 0.0940326 0.0144633
0 0.694394 0.099887 0.520796 0.080452
0 0.542495 0.0171751 0.101266 0.0126554
0 0.860759 0.0108475 0.101266 0.0162712
0 0.770344 0.0099435 0.079566 0.0144633
