0 0.465863 0.944649 0.0449799 0.0442804
0 0.237751 0.907749 0.0514056 0.0295203
0 0.0481928 0.848709 0.0706827 0.0885609
0 0.125301 0.741697 0.160643 0.169742
0 0.568675 0.671587 0.0449799 0.0590406
0 0.176707 0.623616 0.0321285 0.0369004
0 0.520482 0.619926 0.0514056 0.0590406
0 0.26988 0.623616 0.141365 0.095941
0 0.591165 0.575646 0.064257 0.0442804
0 0.629719 0.523985 0.0257028 0.0442804
0 0.330924 0.487085 0.199197 0.118081
0 0.102811 0.413284 0.0385542 0.0295203
0 0.693976 0.369004 0.0257028 0.0442804
0 0.102811 0.361624 0.0385542 0.0442804
0 0.716466 0.335793 0.0449799 0.0664207
0 0.0481928 0.328413 0.0963855 0.0664207
0 0.388755 0.328413 0.0835341 0.0811808
0 0.160643 0.457565 0.321285 0.413284
0 0.430522 0.250923 0.064257 0.0442804
0 0.520482 0.228782 0.0385542 0.0442804
0 0.330924 0.232472 0.0449799 0.0516605
0 0.469076 0.166052 0.0514056 0.0369004
0 0.353414 0.154982 0.0385542 0.0295203
0 0.716466 0.158672 0.0835341 0.0516605
0 0.231325 0.0664207 0.0385542 0.0295203
0 0.128514 0.125461 0.257028 0.206642
0 0.465863 0.0627306 0.0963855 0.095941
