0 0.981006 0.965653 0.0223464 0.0628067
0 0.0558659 0.918548 0.0223464 0.0628067
0 0.239106 0.894995 0.0312849 0.047105
0 0.661452 0.875368 0.0268156 0.0392542
0 0.134078 0.867517 0.0268156 0.0549558
0 0.0893855 0.828263 0.0268156 0.0392542
0 0.189944 0.879293 0.0759777 0.235525
0 0.355307 0.769382 0.0402235 0.047105
0 0.263687 0.79686 0.0625698 0.102061
0 0.36648 0.690873 0.0625698 0.09421
0 0.290503 0.679097 0.0625698 0.117763
0 0.0223464 0.635918 0.0357542 0.09421
0 0.712849 0.592738 0.049162 0.0706575
0 0.297207 0.580962 0.0223464 0.047105
0 0.270391 0.56526 0.049162 0.09421
0 0.223464 0.541708 0.0357542 0.0628067
0 0.239106 0.435721 0.0312849 0.0549558
0 0.0670391 0.404318 0.0268156 0.0549558
0 0.196648 0.32581 0.0446927 0.0863592
0 0.0916201 0.306183 0.049162 0.0628067
0 0.283799 0.278705 0.0223464 0.0549558
0 0.268156 0.14524 0.0446927 0.0392542
0 0.189944 0.0628067 0.0223464 0.047105
0 0.283799 0.0392542 0.0312849 0.047105
0 0.234637 0.0745829 0.049162 0.117763
0 0.348603 0.047105 0.0357542 0.0785083
0 0.131844 0.0392542 0.0402235 0.0785083
