0 0.158172 0.977467 0.274165 0.0431609
0 0.358524 0.917169 0.267135 0.0774357
0 0.365554 0.853063 0.506151 0.104094
0 0.755712 0.733735 0.0773286 0.0228499
0 0.379613 0.66582 0.182777 0.0266582
0 0.126538 0.469692 0.196837 0.060933
0 0.927944 0.389083 0.112478 0.0342748
0 0.28471 0.306569 0.0773286 0.0165027
0 0.643234 0.307839 0.189807 0.0622025
0 0.456942 0.321168 0.168717 0.0888607
0 0.741652 0.23675 0.0773286 0.0215805
0 0.899824 0.233577 0.182777 0.0533164
0 0.748682 0.191685 0.0913884 0.0152333
0 0.706503 0.16947 0.0632689 0.0165027
0 0.900703 0.183434 0.198594 0.0469692
0 0.808436 0.152333 0.0984183 0.0126944
0 0.372583 0.144081 0.0984183 0.0114249
0 0.340949 0.123136 0.0913884 0.0126944
0 0.056239 0.115519 0.0843585 0.0228499
