0 0.104375 0.558085 0.0736761 0.0236476
0 0.0982348 0.52616 0.147352 0.0354715
0 0.233308 0.32279 0.110514 0.0307419
0 0.607828 0.307419 0.0613968 0.0236476
0 0.0552571 0.309784 0.0613968 0.0331067
0 0.171911 0.295596 0.0982348 0.0331067
0 0.518803 0.280225 0.0675365 0.0260124
0 0.521873 0.249483 0.0982348 0.040201
0 0.847275 0.212829 0.0613968 0.0189181
0 0.0491174 0.195093 0.0736761 0.0307419
0 0.138143 0.182087 0.214889 0.0425658
0 0.0399079 0.122968 0.0675365 0.0378362
0 0.488104 0.15371 0.607828 0.151345
0 0.586339 0.160804 0.0813507 0.0242388
0 0.583653 0.139521 0.0636992 0.0195093
0 0.362241 0.163317 0.0997698 0.0765593
0 0.429777 0.130062 0.112049 0.0573456
