0 0.415282 0.654862 0.112957 0.0325109
0 0.521595 0.645573 0.0730897 0.0278665
0 0.495017 0.61074 0.0996678 0.0510885
0 0.255814 0.471408 0.0863787 0.0371553
0 0.385382 0.390131 0.119601 0.0417997
0 0.521595 0.390131 0.139535 0.0557329
0 0.33887 0.351814 0.0664452 0.0208999
0 0.089701 0.339042 0.0863787 0.0232221
0 0.186047 0.334398 0.0664452 0.0185776
0 0.624585 0.314659 0.0930233 0.0394775
0 0.704319 0.303048 0.0531561 0.0255443
0 0.342193 0.163716 0.112957 0.0348331
0 0.840532 0.156749 0.0863787 0.0255443
0 0.923588 0.134688 0.146179 0.0325109
0 0.488372 0.106821 0.0730897 0.0325109
0 0.935216 0.0801161 0.129568 0.067344
0 0.943522 0.0290276 0.0930233 0.011611
0 0.262458 0.0894049 0.405316 0.13701
0 0.199336 0.0174165 0.0664452 0.0162554
0 0.136213 0.0150943 0.0598007 0.0208999
