0 0.83971 0.987718 0.0744571 0.0206852
0 0.951396 0.961862 0.0496381 0.0206852
0 0.864529 0.917906 0.041365 0.0361991
0 0.359876 0.910149 0.124095 0.051713
0 0.719752 0.892049 0.0661841 0.0361991
0 0.210962 0.842922 0.041365 0.0310278
0 0.719752 0.81448 0.16546 0.0982547
0 0.529473 0.83775 0.148914 0.144796
0 0.959669 0.783452 0.0661841 0.0465417
0 0.885212 0.775695 0.0661841 0.0310278
0 0.864529 0.73691 0.041365 0.0361991
0 0.983971 0.711054 0.0320579 0.0361991
0 0.512927 0.708468 0.0496381 0.0413704
0 0.455016 0.687783 0.0827301 0.0930834
0 0.92606 0.641241 0.14788 0.0930834
0 0.715615 0.625727 0.157187 0.0930834
0 0.711479 0.5585 0.0496381 0.0206852
0 0.434333 0.610213 0.124095 0.124111
0 0.289555 0.566257 0.033092 0.0361991
0 0.938987 0.5585 0.0744571 0.0413704
0 0.67425 0.522301 0.0579111 0.0413704
0 0.810755 0.493859 0.0661841 0.0258565
0 0.715615 0.491273 0.0579111 0.0310278
0 0.946742 0.473174 0.106515 0.0568843
0 0.967942 0.421461 0.0496381 0.0361991
0 0.5212 0.351648 0.198552 0.103426
0 0.930714 0.302521 0.041365 0.0258565
