0 0.716223 0.820895 0.0336606 0.0597015
0 0.357176 0.791045 0.0336606 0.0447761
0 0.246844 0.854478 0.134642 0.276119
0 0.351566 0.675373 0.0673212 0.126866
0 0.792894 0.634328 0.0374007 0.0597015
0 0.848995 0.649254 0.059841 0.179104
0 0.809724 0.578358 0.0411407 0.0522388
0 0.675082 0.574627 0.0486208 0.0895522
0 0.748013 0.570895 0.112202 0.156716
0 0.301075 0.447761 0.0486208 0.0895522
0 0.188873 0.436567 0.145863 0.201493
0 0.256194 0.287313 0.123422 0.246269
0 0.187003 0.16791 0.0374007 0.0522388
0 0.121552 0.149254 0.0411407 0.104478
0 0.0841515 0.0597015 0.0411407 0.0746269
0 0.310425 0.11194 0.0972417 0.19403
0 0.360916 0.0597015 0.0411407 0.104478
