0 0.221465 0.480428 0.374787 0.0661318
0 0.231687 0.453197 0.0954003 0.0350109
0 0.0919932 0.45806 0.170358 0.0602966
0 0.0749574 0.419159 0.0681431 0.0175055
0 0.180579 0.400681 0.0613288 0.0233406
0 0.643952 0.355945 0.0749574 0.0155604
0 0.378194 0.329686 0.0613288 0.0175055
0 0.654174 0.327741 0.149915 0.036956
0 0.303237 0.368587 0.592845 0.126428
0 0.391823 0.307318 0.088586 0.0194505
0 0.293015 0.309263 0.109029 0.0427912
0 0.562181 0.297593 0.0749574 0.0233406
0 0.221465 0.20034 0.429302 0.0778021
0 0.102215 0.206054 0.0971039 0.0279601
0 0.548552 0.144906 0.0749574 0.0175055
0 0.637138 0.165329 0.429302 0.108923
