0 0.407733 0.988024 0.196837 0.0172987
0 0.27768 0.92149 0.344464 0.0598802
0 0.601054 0.906188 0.147627 0.0345975
0 0.175747 0.84165 0.168717 0.0306055
0 0.667838 0.836909 0.407733 0.0530605
0 0.302285 0.775116 0.0843585 0.0146374
0 0.678383 0.750499 0.217926 0.0745176
0 0.295255 0.705256 0.126538 0.0133067
0 0.878735 0.737858 0.196837 0.081171
0 0.386643 0.691284 0.0843585 0.011976
0 0.86819 0.678643 0.147627 0.0212908
0 0.734622 0.675316 0.246046 0.0572189
0 0.492091 0.657352 0.0984183 0.0292748
0 0.917399 0.652029 0.119508 0.0292748
0 0.502636 0.646041 0.344464 0.0678643
0 0.55536 0.602794 0.126538 0.0159681
0 0.787346 0.521623 0.112478 0.0212908
0 0.850615 0.560213 0.267135 0.130406
0 0.860721 0.56487 0.108084 0.00964737
0 0.931459 0.424484 0.105448 0.0452428
0 0.274165 0.264138 0.112478 0.011976
0 0.942882 0.244844 0.114236 0.0212908
0 0.249561 0.241517 0.189807 0.0439122
0 0.340949 0.12841 0.0632689 0.0172987
0 0.506151 0.0518962 0.140598 0.0319361
