0 0.0999139 0.983431 0.0620155 0.0331384
0 0.0137812 0.979532 0.0275624 0.0409357
0 0.241171 0.94347 0.0413437 0.0311891
0 0.0551249 0.900585 0.0551249 0.0701754
0 0.292851 0.810916 0.0757967 0.0935673
0 0.165375 0.775828 0.0275624 0.0389864
0 0.0964686 0.775828 0.11025 0.163743
0 0.313523 0.709552 0.0757967 0.0467836
0 0.303187 0.631579 0.0275624 0.0467836
0 0.254953 0.631579 0.0551249 0.109162
0 0.0861326 0.557505 0.0620155 0.0701754
0 0.0241171 0.549708 0.0482343 0.08577
0 0.310078 0.580897 0.165375 0.194932
0 0.406546 0.522417 0.0689061 0.0935673
0 0.437554 0.214425 0.0620155 0.0701754
0 0.45478 0.105263 0.0413437 0.0545809
