0 0.180371 0.980688 0.148541 0.0313462
0 0.44916 0.879933 0.0636605 0.0179121
0 0.0601238 0.868738 0.0636605 0.0179121
0 0.346596 0.874335 0.127321 0.0425413
0 0.091954 0.847467 0.0848806 0.0201511
0 0.0353669 0.832913 0.0565871 0.0223901
0 0.541114 0.828435 0.120248 0.0179121
0 0.770999 0.787014 0.0707339 0.0156731
0 0.820513 0.888889 0.298851 0.0766863
0 0.604775 0.77358 0.0636605 0.0201511
0 0.045977 0.77246 0.0778073 0.0223901
0 0.795756 0.767982 0.0778073 0.0223901
0 0.205128 0.745592 0.0565871 0.0179121
0 0.916004 0.713126 0.162688 0.0783655
0 0.88771 0.0548559 0.0636605 0.0201511
0 0.604775 0.0548559 0.0636605 0.0201511
0 0.781609 0.0548559 0.0495137 0.0246292
