0 0.359073 0.933211 0.03861 0.0512351
0 0.127413 0.896615 0.0694981 0.0512351
0 0.393822 0.867338 0.046332 0.0512351
0 0.027027 0.863678 0.03861 0.0439158
0 0.046332 0.563586 0.0772201 0.0585544
0 0.127413 0.545288 0.0694981 0.0512351
0 0.204633 0.512351 0.0540541 0.0585544
0 0.239382 0.442818 0.0926641 0.0805124
0 0.648649 0.431839 0.0617761 0.073193
0 0.27027 0.358646 0.0926641 0.0585544
0 0.710425 0.336688 0.0617761 0.0292772
0 0.111969 0.31839 0.0540541 0.0365965
0 0.84556 0.292772 0.100386 0.0439158
0 0.050193 0.270814 0.03861 0.0439158
0 0.752896 0.252516 0.0849421 0.0658737
0 0.0849421 0.131747 0.0772201 0.0439158
0 0.818533 0.128088 0.0617761 0.0512351
0 0.451737 0.0805124 0.0849421 0.073193
0 0.138996 0.0805124 0.169884 0.0878317
