0 0.728349 0.936317 0.0355292 0.0413081
0 0.485566 0.908778 0.0592154 0.0413081
0 0.698742 0.91222 0.0592154 0.0757315
0 0.950407 0.818847 0.0414508 0.0266781
0 0.34641 0.798623 0.0532939 0.0275387
0 0.778682 0.795181 0.0414508 0.0481928
0 0.947446 0.753873 0.0592154 0.0481928
0 0.426351 0.757315 0.0592154 0.0826162
0 0.219097 0.674699 0.130274 0.0688468
0 0.0977054 0.640275 0.100666 0.123924
0 0.150999 0.512909 0.0532939 0.0619621
0 0.148038 0.423408 0.0355292 0.0344234
0 0.899704 0.509466 0.200592 0.22031
0 0.0473723 0.375215 0.0355292 0.0481928
0 0.660252 0.364888 0.0414508 0.0413081
0 0.740192 0.244406 0.0592154 0.0619621
0 0.672095 0.240964 0.0532939 0.0688468
0 0.263508 0.175559 0.0296077 0.0344234
0 0.890822 0.261618 0.218357 0.275387
0 0.227979 0.123924 0.0296077 0.0413081
0 0.174685 0.154905 0.0532939 0.10327
0 0.0592154 0.144578 0.118431 0.123924
0 0.0562546 0.137694 0.0429312 0.0567986
0 0.772761 0.685026 0.0429312 0.0636833
0 0.749075 0.444062 0.0429312 0.0636833
0 0.447076 0.447504 0.0666173 0.070568
0 0.328645 0.306368 0.0547742 0.0791738
0 0.343079 0.251721 0.061436 0.0507745
0 0.355292 0.169105 0.0606958 0.0507745
0 0.118431 0.0447504 0.236862 0.0757315
