0 0.747191 0.853812 0.0561798 0.0860987
0 0.865169 0.825112 0.0786517 0.0860987
0 0.80618 0.835874 0.0617978 0.107623
0 0.339888 0.746188 0.0617978 0.0573991
0 0.261236 0.620628 0.0393258 0.0358744
0 0.519663 0.599103 0.0393258 0.064574
0 0.570225 0.487892 0.0617978 0.100448
0 0.879214 0.430493 0.0280899 0.0573991
0 0.634831 0.408969 0.0337079 0.0430493
0 0.199438 0.315695 0.0617978 0.0573991
0 0.61236 0.319283 0.11236 0.0789238
0 0.30618 0.344395 0.117978 0.143498
0 0.011236 0.297758 0.0224719 0.0502242
0 0.497191 0.236771 0.0505618 0.0430493
0 0.525281 0.193722 0.0393258 0.0430493
0 0.0308989 0.165022 0.0617978 0.0717489
