0 0.349794 0.952164 0.0740741 0.0820046
0 0.0946502 0.929385 0.0576132 0.0728929
0 0.399177 0.897494 0.0411523 0.0455581
0 0.436214 0.861048 0.0329218 0.0637813
0 0.382716 0.842825 0.0576132 0.0455581
0 0.144033 0.865604 0.106996 0.109339
0 0.230453 0.792711 0.0493827 0.0728929
0 0.0534979 0.769932 0.090535 0.118451
0 0.123457 0.715262 0.0493827 0.0455581
0 0.320988 0.701595 0.115226 0.127563
0 0.037037 0.660592 0.0740741 0.0455581
0 0.0946502 0.646925 0.0411523 0.0546697
0 0.333333 0.633257 0.0411523 0.0455581
0 0.164609 0.61959 0.0987654 0.0911162
0 0.0987654 0.56492 0.0493827 0.0364465
0 0.279835 0.555809 0.0493827 0.0728929
0 0.139918 0.519362 0.0329218 0.0364465
0 0.242798 0.505695 0.0740741 0.0637813
0 0.0452675 0.501139 0.0576132 0.0911162
0 0.0329218 0.3918 0.0658436 0.0546697
0 0.320988 0.373576 0.0329218 0.0364465
0 0.131687 0.287016 0.0329218 0.0455581
0 0.197531 0.236902 0.0987654 0.0728929
0 0.102881 0.22779 0.205761 0.236902
0 0.0329218 0.0728929 0.0329218 0.0364465
0 0.238683 0.0774487 0.0658436 0.0637813
