0 0.522028 0.854962 0.0332502 0.0305344
0 0.571904 0.816794 0.0399003 0.0305344
0 0.279302 0.664122 0.0266002 0.0610687
0 0.0631754 0.60687 0.0864505 0.114504
0 0.877806 0.603053 0.0931006 0.167939
0 0.921031 0.492366 0.126351 0.206107
0 0.445553 0.389313 0.0399003 0.0458015
0 0.901081 0.305344 0.0731505 0.0610687
0 0.711554 0.270992 0.0532003 0.0229008
0 0.621779 0.28626 0.152951 0.129771
0 0.515378 0.240458 0.0598504 0.0534351
0 0.72818 0.198473 0.0332502 0.0458015
0 0.934331 0.187023 0.0465503 0.0534351
0 0.771405 0.152672 0.0532003 0.0610687
0 0.428928 0.179389 0.192851 0.175573
0 0.957606 0.0839695 0.0798005 0.0610687
0 0.166251 0.183206 0.332502 0.351145
0 0.176226 0.21374 0.074813 0.0782443
