0 0.819762 0.984032 0.0585544 0.0279441
0 0.903934 0.98004 0.0805124 0.0359281
0 0.640439 0.96008 0.0512351 0.0199601
0 0.475755 0.964072 0.073193 0.0439122
0 0.742909 0.948104 0.095151 0.0439122
0 0.439158 0.916168 0.0585544 0.0199601
0 0.914913 0.916168 0.0585544 0.0279441
0 0.688015 0.916168 0.073193 0.0359281
0 0.973468 0.906188 0.0439158 0.0239521
0 0.808783 0.908184 0.0658737 0.0279441
0 0.911253 0.88024 0.0365965 0.0279441
0 0.717292 0.872256 0.0878317 0.0279441
0 0.830741 0.872256 0.0512351 0.0359281
0 0.698994 0.854291 0.0658737 0.0239521
0 0.885636 0.818363 0.0585544 0.0239521
0 0.409881 0.229541 0.117109 0.0518962
