0 0.229137 0.949495 0.0509194 0.040404
0 0.217822 0.853535 0.0622348 0.0909091
0 0.650636 0.515152 0.0339463 0.040404
0 0.659123 0.474747 0.039604 0.040404
0 0.701556 0.323232 0.0452617 0.040404
0 0.325672 0.333333 0.0502122 0.10101
0 0.867751 0.409091 0.264498 0.434343
0 0.899576 0.429293 0.0353607 0.0328283
0 0.967468 0.353535 0.0466761 0.0631313
0 0.362093 0.186869 0.0452617 0.050505
0 0.265912 0.171717 0.135785 0.181818
0 0.364922 0.0909091 0.0735502 0.10101
0 0.528996 0.131313 0.107496 0.20202
