0 0.912775 0.980899 0.077533 0.0382022
0 0.331278 0.934832 0.140969 0.0898876
0 0.64141 0.853933 0.0281938 0.0539326
0 0.979295 0.908989 0.0414097 0.182022
0 0.391189 0.566292 0.0352423 0.0359551
0 0.817621 0.539326 0.0563877 0.0539326
0 0.747137 0.494382 0.0422908 0.0719101
0 0.975771 0.47191 0.0484582 0.0449438
0 0.662555 0.485393 0.0422908 0.0719101
0 0.711894 0.467416 0.0281938 0.0539326
0 0.45815 0.521348 0.169163 0.197753
0 0.870485 0.440449 0.077533 0.0898876
0 0.556828 0.4 0.155066 0.0988764
0 0.86696 0.373034 0.0563877 0.0808989
0 0.831718 0.319101 0.0422908 0.0449438
0 0.444053 0.260674 0.0281938 0.0359551
0 0.355947 0.319101 0.119824 0.170787
0 0.666079 0.0988764 0.0352423 0.0539326
0 0.975771 0.0719101 0.0484582 0.0898876
0 0.82467 0.058427 0.155066 0.0629213
0 0.711894 0.058427 0.0422908 0.0629213
