0 0.651894 0.933754 0.0343102 0.0403785
0 0.185847 0.789905 0.120086 0.0454259
0 0.0800572 0.787382 0.045747 0.0403785
0 0.0171551 0.784858 0.0343102 0.0353312
0 0.17441 0.686435 0.21158 0.0807571
0 0.594711 0.507255 0.045747 0.0252366
0 0.0943531 0.449211 0.188706 0.111041
0 0.677627 0.396215 0.0400286 0.0252366
0 0.711937 0.350789 0.0514653 0.0252366
0 0.0200143 0.249842 0.0285919 0.0454259
0 0.0343102 0.171609 0.0571837 0.0908517
0 0.203002 0.0832808 0.120086 0.0656151
0 0.0686204 0.0529968 0.137241 0.0958991
