0 0.63268 0.898462 0.0522876 0.0492308
0 0.559477 0.886154 0.0313726 0.0369231
0 0.460131 0.901538 0.0418301 0.0676923
0 0.151634 0.830769 0.0627451 0.0615385
0 0.517647 0.815385 0.0732026 0.104615
0 0.918301 0.775385 0.163399 0.233846
0 0.977778 0.624615 0.0313726 0.0430769
0 0.543791 0.624615 0.0627451 0.08
0 0.373856 0.744615 0.203922 0.32
0 0.792157 0.556923 0.0679739 0.0923077
0 0.954248 0.473846 0.0366013 0.0492308
0 0.862745 0.403077 0.16732 0.178462
0 0.543791 0.338462 0.0941176 0.0861538
0 0.56732 0.255385 0.0679739 0.0430769
0 0.873203 0.129231 0.0522876 0.0492308
0 0.65098 0.116923 0.0366013 0.0492308
0 0.951634 0.190769 0.0836601 0.233846
0 0.954248 0.0276923 0.0679739 0.0430769
