0 0.448845 0.98296 0.070407 0.0286996
0 0.242024 0.864574 0.0440044 0.0358744
0 0.435644 0.875336 0.114411 0.143498
0 0.484048 0.756951 0.0528053 0.0358744
0 0.89769 0.717489 0.0880088 0.0717489
0 0.976898 0.656502 0.0352035 0.0358744
0 0.193619 0.523767 0.0352035 0.0286996
0 0.0352035 0.315695 0.070407 0.0860987
0 0.0880088 0.251121 0.070407 0.0573991
0 0.0176018 0.229596 0.0352035 0.0717489
0 0.0968097 0.190135 0.0528053 0.0502242
0 0.0308031 0.16861 0.0616062 0.0502242
0 0.50165 0.114798 0.0352035 0.0286996
0 0.448845 0.0932735 0.070407 0.143498
