0 0.613254 0.755031 0.0553907 0.0333102
0 0.704253 0.666204 0.0474777 0.0333102
0 0.886251 0.677307 0.0949555 0.0666204
0 0.205737 0.62179 0.0474777 0.0444136
0 0.344214 0.55517 0.0712166 0.0666204
0 0.700297 0.541291 0.102868 0.0499653
0 0.92186 0.544067 0.0712166 0.0666204
0 0.166172 0.52186 0.0791296 0.0333102
0 0.585559 0.507981 0.0474777 0.0277585
0 0.56182 0.369188 0.0474777 0.0388619
0 0.225519 0.297016 0.0712166 0.0610687
0 0.0276954 0.235947 0.0553907 0.0610687
0 0.197824 0.205413 0.0316518 0.0333102
0 0.166172 0.138792 0.0633037 0.0444136
0 0.850643 0.0527412 0.0553907 0.0277585
0 0.324431 0.0471895 0.0633037 0.0277585
