0 0.897349 0.965899 0.0761387 0.0442396
0 0.848402 0.932719 0.0435078 0.0368664
0 0.274643 0.903226 0.0380693 0.0516129
0 0.959551 0.895853 0.0808973 0.154839
0 0.89191 0.82212 0.0435078 0.0663594
0 0.405167 0.807373 0.0380693 0.081106
0 0.96261 0.700461 0.0652617 0.0884793
0 0.867437 0.670968 0.0380693 0.0442396
0 0.21482 0.659908 0.0489463 0.081106
0 0.919103 0.593548 0.0326309 0.0368664
0 0.299116 0.593548 0.0978926 0.110599
0 0.17947 0.567742 0.119646 0.117972
0 0.345343 0.527189 0.0489463 0.0516129
0 0.277362 0.457143 0.0326309 0.0589862
0 0.174031 0.328111 0.0326309 0.0368664
0 0.138681 0.305991 0.0489463 0.0368664
0 0.206662 0.0921659 0.0870156 0.140092
0 0.0761387 0.247005 0.152277 0.479263
