0 0.0224509 0.954545 0.0449018 0.0681818
0 0.228251 0.920455 0.0523854 0.0909091
0 0.0898036 0.926136 0.059869 0.125
0 0.377923 0.835227 0.0972872 0.125
0 0.478952 0.721591 0.059869 0.102273
0 0.175865 0.704545 0.0523854 0.0909091
0 0.437792 0.670455 0.0374181 0.0909091
0 0.28812 0.715909 0.0823199 0.181818
0 0.628625 0.613636 0.059869 0.0909091
0 0.127222 0.545455 0.0299345 0.0681818
0 0.0860617 0.5625 0.0374181 0.102273
0 0.767072 0.534091 0.0374181 0.0681818
0 0.0486436 0.613636 0.0972872 0.318182
0 0.2058 0.482955 0.0972872 0.125
0 0.168382 0.392045 0.0224509 0.0568182
0 0.314312 0.403409 0.0449018 0.102273
0 0.0336763 0.380682 0.0673527 0.170455
0 0.0860617 0.255682 0.0673527 0.0795455
0 0.954163 0.0568182 0.0224509 0.0454545
0 0.838166 0.0852273 0.0449018 0.125
0 0.471469 0.301136 0.658559 0.579545
