0 0.958746 0.868798 0.0825083 0.167585
0 0.808581 0.793826 0.0462046 0.0529217
0 0.768977 0.723264 0.0726073 0.0882029
0 0.945545 0.718853 0.108911 0.132304
0 0.962046 0.595369 0.0759076 0.0970232
0 0.851485 0.573319 0.0924092 0.0705623
0 0.950495 0.480706 0.0528053 0.061742
0 0.554455 0.467475 0.0660066 0.0705623
0 0.768977 0.388093 0.0462046 0.0529217
0 0.630363 0.392503 0.125413 0.202867
0 0.932343 0.326351 0.135314 0.105843
0 0.945545 0.189636 0.108911 0.0970232
0 0.69967 0.202867 0.0528053 0.123484
0 0.379538 0.0705623 0.0462046 0.0529217
0 0.945545 0.0793826 0.108911 0.105843
0 0.759076 0.0573319 0.132013 0.061742
