0 0.899696 0.343003 0.113475 0.0125142
0 0.364742 0.211604 0.567376 0.0705347
0 0.66464 0.176337 0.0972644 0.0113766
0 0.871327 0.174061 0.0891591 0.0136519
0 0.364742 0.151877 0.145897 0.0238908
0 0.174265 0.126849 0.121581 0.0238908
0 0.352584 0.105233 0.0891591 0.0125142
0 0.924012 0.10182 0.0810537 0.0125142
0 0.48227 0.0938567 0.186424 0.0193402
0 0.628166 0.0853242 0.10537 0.0159272
0 0.757852 0.0767918 0.170213 0.032992
0 0.895643 0.0608646 0.137791 0.0102389
0 0.883485 0.0472127 0.162107 0.0170648
0 0.303951 0.0688282 0.33232 0.0648464
0 0.652482 0.0420933 0.624114 0.0841866
