0 0.836641 0.964948 0.0244275 0.0494845
0 0.537405 0.919588 0.256489 0.123711
0 0.369466 0.903093 0.0671756 0.123711
0 0.415267 0.779381 0.0610687 0.057732
0 0.464122 0.725773 0.0977099 0.0824742
0 0.143511 0.68866 0.0305344 0.0412371
0 0.283969 0.705155 0.164885 0.107216
0 0.155725 0.651546 0.0305344 0.0329897
0 0.494657 0.57732 0.0610687 0.0494845
0 0.479389 0.482474 0.152672 0.123711
0 0.638168 0.329897 0.0305344 0.0329897
0 0.50687 0.309278 0.109924 0.140206
0 0.616794 0.0865979 0.0732824 0.057732
