0 0.720322 0.983607 0.120724 0.0226116
0 0.535211 0.974562 0.169014 0.00904466
0 0.627767 0.967778 0.112676 0.00904466
0 0.249497 0.978802 0.498994 0.0423968
0 0.325956 0.953081 0.297787 0.0248728
0 0.120724 0.939514 0.193159 0.0113058
0 0.547284 0.900509 0.338028 0.0260034
0 0.297787 0.897682 0.579477 0.0723573
0 0.438632 0.850763 0.2334 0.0124364
0 0.837022 0.83437 0.273642 0.0293951
0 0.696177 0.825325 0.201207 0.0293951
0 0.905433 0.810628 0.152918 0.013567
0 0.643863 0.812323 0.128773 0.0169587
0 0.559356 0.79593 0.152918 0.0113058
0 0.784708 0.799887 0.185111 0.0214811
0 0.28169 0.80554 0.531187 0.0870548
0 0.54326 0.752403 0.104628 0.0101752
0 0.249497 0.745054 0.338028 0.027134
0 0.788732 0.750707 0.370221 0.0497456
0 0.0965795 0.735444 0.144869 0.0305257
0 0.362173 0.714528 0.177062 0.00904466
0 0.189135 0.714528 0.136821 0.0158282
0 0.72837 0.697569 0.120724 0.0113058
0 0.756539 0.687959 0.128773 0.0101752
0 0.869215 0.682872 0.0965795 0.0203505
0 0.752515 0.677784 0.0885312 0.0124364
0 0.382294 0.685133 0.249497 0.027134
0 0.32998 0.670435 0.144869 0.0158282
0 0.945674 0.628038 0.0724346 0.0214811
0 0.736418 0.622386 0.0885312 0.0169587
0 0.828974 0.603731 0.289738 0.0248728
0 0.913481 0.560769 0.136821 0.0226116
0 0.112676 0.535331 0.177062 0.0282646
0 0.120724 0.455625 0.193159 0.0316563
0 0.0643863 0.379876 0.0643863 0.0339175
0 0.108652 0.332391 0.136821 0.0180893
