0 0.0128866 0.965517 0.0257732 0.0619282
0 0.953608 0.948628 0.0412371 0.0394089
0 0.463918 0.940183 0.0309278 0.033779
0 0.118557 0.909219 0.0721649 0.0281492
0 0.0979381 0.847291 0.0515464 0.0281492
0 0.81701 0.833216 0.0257732 0.0450387
0 0.219072 0.861365 0.221649 0.247713
0 0.907216 0.723434 0.0412371 0.0281492
0 0.056701 0.69247 0.0618557 0.033779
0 0.35567 0.689655 0.0412371 0.0506685
0 0.407216 0.661506 0.0824742 0.0844476
0 0.940722 0.593948 0.108247 0.0506685
0 0.234536 0.52639 0.0360825 0.0394089
0 0.930412 0.481351 0.056701 0.0619282
0 0.770619 0.425053 0.0257732 0.0394089
0 0.265464 0.382829 0.190722 0.146376
0 0.0824742 0.318086 0.0412371 0.0506685
0 0.0360825 0.233638 0.0515464 0.0844476
0 0.213918 0.213934 0.0773196 0.0675581
0 0.935567 0.284307 0.128866 0.264602
0 0.368557 0.17171 0.170103 0.140746
0 0.505155 0.0928923 0.0515464 0.0281492
