0 0.34383 0.769441 0.0340426 0.0327422
0 0.452766 0.698499 0.0476596 0.0654843
0 0.354043 0.687585 0.122553 0.130969
0 0.377872 0.594816 0.0340426 0.0327422
0 0.609362 0.572988 0.0340426 0.0763984
0 0.289362 0.578445 0.0612766 0.0873124
0 0.881702 0.562074 0.0204255 0.0982265
0 0.425532 0.523875 0.0885106 0.174625
0 0.575319 0.442019 0.0476596 0.0982265
0 0.806808 0.387449 0.0476596 0.0545703
0 0.670638 0.381992 0.0340426 0.0873124
0 0.602553 0.376535 0.0476596 0.0982265
0 0.806808 0.14734 0.0340426 0.0327422
0 0.52766 0.278308 0.374468 0.338336
0 0.445957 0.371078 0.0493617 0.0463847
