0 0.40625 0.791952 0.1 0.0901408
0 0.634375 0.698592 0.05625 0.0193159
0 0.653125 0.640644 0.05625 0.0257545
0 0.834375 0.655131 0.08125 0.0804829
0 0.83125 0.603622 0.0625 0.0160966
0 0.73125 0.582696 0.075 0.0321932
0 0.815625 0.558551 0.08125 0.0482897
0 0.55 0.545674 0.0625 0.0225352
0 0.234375 0.548893 0.08125 0.0289738
0 0.425 0.534406 0.0625 0.0321932
0 0.215625 0.5167 0.05625 0.0225352
0 0.809375 0.508652 0.08125 0.0193159
0 0.715625 0.492555 0.04375 0.0257545
0 0.81875 0.486117 0.0625 0.0193159
0 0.953125 0.5167 0.09375 0.0997988
0 0.721875 0.457143 0.08125 0.0386318
0 0.221875 0.42173 0.09375 0.0386318
0 0.790625 0.404024 0.09375 0.0418511
0 0.740625 0.370221 0.04375 0.0257545
0 0.265625 0.363783 0.08125 0.0450704
0 0.946875 0.386318 0.10625 0.128773
0 0.784375 0.301006 0.05625 0.0225352
0 0.946875 0.286519 0.09375 0.070825
