0 0.956355 0.938166 0.0872894 0.0511727
0 0.833078 0.865672 0.0490046 0.110874
0 0.937213 0.840085 0.0735069 0.0938166
0 0.416539 0.810235 0.0367534 0.0511727
0 0.968606 0.720682 0.0627871 0.0767591
0 0.0245023 0.678038 0.0490046 0.0426439
0 0.496172 0.673774 0.0367534 0.0511727
0 0.952527 0.588486 0.0796325 0.119403
0 0.45023 0.541578 0.0673813 0.0767591
0 0.58193 0.49467 0.0245023 0.0511727
0 0.980858 0.430704 0.0382848 0.0426439
0 0.940276 0.383795 0.042879 0.0341151
0 0.854518 0.383795 0.0306279 0.0341151
0 0.971669 0.336887 0.0566616 0.0597015
0 0.572741 0.285714 0.042879 0.0426439
0 0.931087 0.234542 0.0245023 0.0426439
0 0.799387 0.191898 0.042879 0.0767591
0 0.655436 0.157783 0.0367534 0.0426439
0 0.968606 0.162047 0.0627871 0.0852878
0 0.535988 0.0383795 0.042879 0.0255864
0 0.695253 0.0255864 0.0306279 0.0341151
0 0.649311 0.0341151 0.0490046 0.0511727
