0 0.377193 0.948118 0.0760234 0.0406918
0 0.19883 0.931841 0.0584795 0.0569685
0 0.418129 0.874873 0.0292398 0.0569685
0 0.210526 0.862665 0.0350877 0.0488301
0 0.0789474 0.842319 0.146199 0.236012
0 0.0818713 0.614446 0.163743 0.203459
0 0.292398 0.508647 0.0350877 0.0406918
0 0.307018 0.480163 0.0526316 0.0325534
0 0.152047 0.480163 0.0350877 0.0651068
0 0.0292398 0.447609 0.0584795 0.162767
0 0.122807 0.423194 0.105263 0.130214
0 0.0497076 0.268566 0.0643275 0.113937
0 0.140351 0.236012 0.0935673 0.162767
0 0.236842 0.284842 0.111111 0.292981
0 0.0467836 0.122075 0.0818713 0.0976602
0 0.102339 0.0732452 0.0877193 0.0976602
