0 0.318141 0.968273 0.0357462 0.0376028
0 0.80429 0.935958 0.0357462 0.0458284
0 0.84361 0.921269 0.114388 0.150411
0 0.593387 0.841363 0.0428954 0.0282021
0 0.815013 0.705053 0.028597 0.0376028
0 0.103664 0.648649 0.0500447 0.0376028
0 0.9437 0.681551 0.0857909 0.178613
0 0.13941 0.592244 0.0500447 0.0376028
0 0.893655 0.587544 0.028597 0.0470035
0 0.47185 0.545241 0.0571939 0.094007
0 0.307417 0.40423 0.0714924 0.0564042
0 0.496872 0.376028 0.0357462 0.0376028
0 0.132261 0.324324 0.0357462 0.0282021
0 0.621984 0.249119 0.0428954 0.0658049
0 0.51832 0.27262 0.0643432 0.13161
0 0.28597 0.206816 0.0428954 0.0564042
0 0.51832 0.183314 0.0357462 0.0282021
0 0.346738 0.12691 0.0214477 0.0470035
0 0.561215 0.0893067 0.107239 0.159812
