0 0.294079 0.939863 0.0468445 0.024055
0 0.765127 0.957045 0.124919 0.072165
0 0.517892 0.95189 0.171763 0.0824742
0 0.653221 0.946735 0.182173 0.0927835
0 0.517892 0.898625 0.161353 0.0584192
0 0.645413 0.883162 0.0624593 0.0343643
0 0.741705 0.878007 0.0572544 0.0378007
0 0.835394 0.883162 0.098894 0.0687285
0 0.934613 0.883162 0.130774 0.130584
0 0.567339 0.823024 0.145738 0.0652921
0 0.762524 0.802406 0.234223 0.127148
0 0.765127 0.737113 0.0832791 0.0446735
0 0.905986 0.724871 0.188029 0.116409
0 0.973325 0.628866 0.0416396 0.0687285
