0 0.556122 0.969961 0.132653 0.0313452
0 0.543367 0.942098 0.0867347 0.0313452
0 0.44898 0.922943 0.0612245 0.0278624
0 0.964286 0.928167 0.0714286 0.0592077
0 0.658163 0.902046 0.0510204 0.0278624
0 0.0688775 0.914236 0.0765306 0.0592077
0 0.0561224 0.858511 0.0714286 0.0522421
0 0.0229592 0.825424 0.0459184 0.0278624
0 0.163265 0.823683 0.0612245 0.0452764
0 0.183673 0.729647 0.0510204 0.0452764
0 0.0816327 0.734872 0.163265 0.0835873
0 0.0459184 0.74532 0.0318878 0.0356987
0 0.125 0.672181 0.0663265 0.034828
0 0.0867347 0.619939 0.0408163 0.0696561
0 0.617347 0.55899 0.0714286 0.0243796
0 0.244898 0.564214 0.0816327 0.0417936
0 0.311224 0.607749 0.306122 0.177623
0 0.291135 0.649543 0.0427296 0.0391815
0 0.357143 0.635612 0.0522959 0.0252503
0 0.489796 0.525903 0.0408163 0.0278624
0 0.507653 0.464954 0.158163 0.0801045
0 0.336735 0.419678 0.0408163 0.0313452
0 0.545918 0.37266 0.142857 0.0696561
0 0.678571 0.301263 0.122449 0.0452764
0 0.696429 0.255986 0.0561224 0.0243796
0 0.760204 0.203744 0.0612245 0.0383108
0 0.604592 0.203744 0.0867347 0.0383108
0 0.272959 0.189813 0.0459184 0.0313452
0 0.744898 0.154985 0.0510204 0.0313452
0 0.811224 0.139312 0.0510204 0.0417936
0 0.882653 0.118415 0.0510204 0.0208968
0 0.471939 0.104484 0.0561224 0.0208968
0 0.887755 0.0783631 0.0510204 0.0243796
0 0.831633 0.0870701 0.0408163 0.0557249
