0 0.203515 0.871139 0.0962072 0.0149766
0 0.503238 0.713885 0.148011 0.0299532
0 0.40333 0.70078 0.111008 0.0162246
0 0.13321 0.726365 0.222017 0.0923557
0 0.414431 0.661466 0.118409 0.0149766
0 0.325624 0.630889 0.162812 0.00873635
0 0.066605 0.600936 0.103608 0.0336973
0 0.177613 0.576599 0.13321 0.024961
0 0.284921 0.55351 0.111008 0.0187207
0 0.192414 0.519813 0.0888067 0.0237129
0 0.166512 0.496724 0.125809 0.0124805
0 0.066605 0.326989 0.0888067 0.0224649
0 0.462535 0.316381 0.185014 0.0187207
0 0.0518039 0.305772 0.0740056 0.0149766
0 0.481036 0.292044 0.325624 0.024961
0 0.688252 0.285179 0.0740056 0.0162246
0 0.606845 0.261466 0.118409 0.0212168
0 0.825162 0.242746 0.185014 0.0212168
0 0.836263 0.221529 0.296022 0.0361934
0 0.851064 0.202808 0.103608 0.0137285
