0 0.520749 0.9579 0.130187 0.03368
0 0.624898 0.909361 0.169243 0.0435859
0 0.143206 0.89153 0.0650936 0.0198118
0 0.868999 0.844973 0.0716029 0.0178306
0 0.371033 0.803368 0.0781123 0.0178306
0 0.462164 0.766716 0.091131 0.0158494
0 0.35476 0.760773 0.110659 0.0198118
0 0.579333 0.72313 0.40358 0.0713224
0 0.667209 0.644874 0.188771 0.0297177
0 0.826688 0.617137 0.0781123 0.0138683
0 0.842962 0.601288 0.136697 0.0257553
0 0.165989 0.560674 0.110659 0.055473
0 0.810415 0.525012 0.0585842 0.0237741
0 0.764849 0.523031 0.0716029 0.0198118
0 0.0618389 0.503219 0.0585842 0.0277365
0 0.712775 0.489351 0.0716029 0.0158494
0 0.130187 0.485389 0.0650936 0.0158494
0 0.387307 0.462605 0.0585842 0.021793
0 0.846216 0.430906 0.273393 0.0970778
0 0.270138 0.35265 0.0846216 0.0356612
0 0.449146 0.339772 0.247356 0.0455671
0 0.839707 0.324913 0.130187 0.0316989
0 0.165989 0.30213 0.292921 0.077266
0 0.598861 0.231798 0.0650936 0.0158494
0 0.15297 0.225854 0.0585842 0.0198118
0 0.0878763 0.226845 0.123678 0.0733036
0 0.149715 0.187221 0.091131 0.0178306
0 0.436127 0.183259 0.0650936 0.0297177
0 0.218063 0.157504 0.0585842 0.0178306
0 0.501221 0.149579 0.0650936 0.0178306
0 0.810415 0.166419 0.214809 0.0752848
0 0.849471 0.0980683 0.227828 0.0376424
0 0.800651 0.0703318 0.0650936 0.0178306
0 0.416599 0.060426 0.0781123 0.0178306
0 0.618389 0.0435859 0.091131 0.0237741
0 0.546786 0.0208024 0.0781123 0.021793
