0 0.391426 0.98133 0.082013 0.0131019
0 0.946878 0.965608 0.0894688 0.0393056
0 0.246039 0.942024 0.134203 0.0340649
0 0.424977 0.942024 0.268406 0.0917131
0 0.760485 0.935473 0.328052 0.115296
0 0.864865 0.872584 0.0596459 0.020963
0 0.413793 0.864723 0.216216 0.062889
0 0.816869 0.830658 0.289842 0.0576482
0 0.969711 0.309204 0.0605778 0.0366852
0 0.973439 0.255486 0.0531221 0.0497871
0 0.950606 0.224042 0.0671016 0.0183426
0 0.424977 0.196528 0.149115 0.0576482
0 0.447344 0.149361 0.0596459 0.020963
0 0.372787 0.148051 0.0596459 0.0183426
0 0.555452 0.0995742 0.082013 0.0157222
0 0.71575 0.0877825 0.0596459 0.0288241
0 0.391426 0.0235834 0.082013 0.020963
