0 0.833034 0.984326 0.0574506 0.0250784
0 0.402154 0.965517 0.0574506 0.0250784
0 0.872531 0.952978 0.0789946 0.0501567
0 0.761221 0.962382 0.129264 0.0689655
0 0.75763 0.931034 0.0502693 0.0438871
0 0.861759 0.902821 0.043088 0.0501567
0 0.739677 0.893417 0.043088 0.0438871
0 0.879713 0.862069 0.10772 0.0689655
0 0.685817 0.855799 0.064632 0.0564263
0 0.965889 0.830721 0.0359066 0.0438871
0 0.929982 0.796238 0.0359066 0.0376176
0 0.894075 0.755486 0.0359066 0.0438871
0 0.732496 0.727273 0.100539 0.112853
0 0.940754 0.664577 0.043088 0.0376176
0 0.298025 0.630094 0.0359066 0.031348
0 0.631957 0.605016 0.0574506 0.0564263
0 0.588869 0.545455 0.043088 0.0250784
0 0.660233 0.510972 0.0421903 0.031348
0 0.258528 0.501567 0.043088 0.0626959
0 0.912029 0.432602 0.0287253 0.0501567
0 0.157989 0.413793 0.0287253 0.0376176
0 0.0287253 0.382445 0.0287253 0.0376176
0 0.886894 0.373041 0.0359066 0.031348
0 0.502693 0.376176 0.172352 0.125392
0 0.854578 0.329154 0.043088 0.0438871
0 0.868941 0.253918 0.043088 0.031348
0 0.366248 0.257053 0.27289 0.175549
0 0.470377 0.159875 0.064632 0.106583
0 0.2693 0.125392 0.208259 0.137931
