0 0.179604 0.875567 0.347032 0.195466
0 0.194825 0.694207 0.377473 0.163224
0 0.121766 0.611587 0.170472 0.0624685
0 0.313546 0.538035 0.261796 0.0604534
0 0.194825 0.477582 0.0852359 0.0322418
0 0.30137 0.458438 0.115677 0.0664987
0 0.167428 0.415113 0.115677 0.0604534
0 0.398782 0.403023 0.200913 0.0523929
0 0.557078 0.318388 0.0913242 0.0282116
0 0.465753 0.346599 0.237443 0.100756
0 0.560122 0.276071 0.158295 0.0443325
0 0.283105 0.262972 0.103501 0.0423174
0 0.331811 0.276071 0.249619 0.0725441
0 0.657534 0.206549 0.0974125 0.0261965
0 0.535769 0.201511 0.121766 0.0241814
0 0.404871 0.210579 0.103501 0.0423174
0 0.328767 0.17733 0.121766 0.0483627
0 0.581431 0.158186 0.188737 0.0584383
0 0.12481 0.224685 0.237443 0.203526
0 0.356164 0.0695214 0.700152 0.126952
