0 0.28394 0.975057 0.0425909 0.0272109
0 0.876664 0.952381 0.0780834 0.0544218
0 0.28394 0.90703 0.028394 0.0362812
0 0.695652 0.920635 0.0993789 0.136054
0 0.369122 0.879819 0.127773 0.217687
0 0.220053 0.834467 0.0851819 0.126984
0 0.937001 0.76644 0.0425909 0.0453515
0 0.557232 0.857143 0.120674 0.244898
0 0.198758 0.693878 0.0709849 0.0816327
0 0.677906 0.739229 0.106477 0.208617
0 0.951198 0.60771 0.0567879 0.0544218
0 0.645963 0.585034 0.0709849 0.0634921
0 0.582076 0.562358 0.028394 0.0362812
0 0.479148 0.485261 0.0496894 0.0816327
0 0.929902 0.412698 0.0425909 0.0634921
0 0.4685 0.399093 0.028394 0.0362812
0 0.560781 0.453515 0.0851819 0.163265
0 0.65661 0.44898 0.0922804 0.190476
0 0.0248447 0.344671 0.0354925 0.0544218
0 0.362023 0.544218 0.212955 0.489796
0 0.42591 0.29932 0.0709849 0.0725624
0 0.14197 0.417234 0.127773 0.30839
0 0.908607 0.290249 0.0851819 0.090703
0 0.571429 0.29932 0.0638864 0.108844
0 0.0816327 0.190476 0.0354925 0.0544218
0 0.787933 0.217687 0.113576 0.145125
0 0.47205 0.136054 0.0354925 0.0362812
0 0.557232 0.14059 0.106477 0.117914
0 0.014197 0.0816327 0.028394 0.0362812
0 0.230701 0.190476 0.23425 0.326531
0 0.28394 0.276644 0.0443656 0.0294785
0 0.667258 0.0498866 0.0425909 0.0634921
0 0.42591 0.0816327 0.0709849 0.126984
0 0.337178 0.0453515 0.0638864 0.0544218
0 0.152618 0.031746 0.0496894 0.0272109
0 0.0674357 0.0680272 0.0780834 0.0997732
