0 0.777658 0.981313 0.0601504 0.0373747
0 0.270677 0.959435 0.128894 0.0811304
0 0.842105 0.911577 0.0687433 0.0729262
0 0.519871 0.845943 0.0429646 0.0437557
0 0.201933 0.871468 0.094522 0.094804
0 0.39957 0.845943 0.180451 0.116682
0 0.6058 0.773017 0.0429646 0.0437557
0 0.863588 0.762078 0.0601504 0.0510483
0 0.54565 0.769371 0.0601504 0.0656335
0 0.0988185 0.751139 0.0429646 0.0291705
0 0.889366 0.71103 0.0429646 0.0364631
0 0.438238 0.714676 0.0515575 0.0583409
0 0.494092 0.689152 0.094522 0.0510483
0 0.352309 0.634458 0.0859291 0.0583409
0 0.524168 0.488605 0.0343716 0.0437557
0 0.360902 0.470374 0.0343716 0.0364631
0 0.665951 0.514129 0.352309 0.284412
0 0.632116 0.56928 0.0633727 0.0610757
0 0.593448 0.510027 0.037594 0.0319052
0 0.549946 0.386509 0.0687433 0.0437557
0 0.807734 0.346399 0.0515575 0.0218778
0 0.541353 0.218778 0.0859291 0.0583409
0 0.67884 0.149499 0.0687433 0.0656335
0 0.287863 0.0984503 0.0773362 0.0364631
0 0.356606 0.113036 0.197637 0.153145
0 0.786251 0.185962 0.335124 0.357338
0 0.201933 0.0401094 0.180451 0.0802188
