0 0.0541028 0.74851 0.0649234 0.0349623
0 0.0757439 0.715932 0.108206 0.0238379
0 0.926961 0.613429 0.0937782 0.0190703
0 0.403968 0.441796 0.201984 0.0317839
0 0.714157 0.427493 0.0865645 0.0127135
0 0.483318 0.417958 0.115419 0.0254271
0 0.876465 0.402066 0.165915 0.0508542
0 0.0829576 0.313071 0.108206 0.0349623
0 0.912534 0.282876 0.0793508 0.0127135
0 0.804328 0.28526 0.19477 0.0238379
0 0.465284 0.266984 0.281335 0.0286055
0 0.926961 0.261422 0.0793508 0.0206595
0 0.245266 0.234406 0.100992 0.0206595
0 0.69973 0.210568 0.577096 0.0842273
0 0.501353 0.128725 0.0937782 0.0254271
0 0.537421 0.0778705 0.0793508 0.0158919
0 0.0577096 0.0818435 0.0721371 0.0301947
0 0.84761 0.0603894 0.122633 0.0190703
0 0.0504959 0.0500596 0.0577096 0.0238379
0 0.786294 0.0325785 0.115419 0.0301947
0 0.292155 0.0166865 0.209197 0.0238379
