0 0.490446 0.974255 0.0636943 0.0231415
0 0.5 0.949957 0.0955414 0.0208273
0 0.149682 0.951114 0.121019 0.0462829
0 0.296178 0.909459 0.350318 0.0647961
0 0.509554 0.880532 0.11465 0.0254556
0 0.926752 0.858548 0.146497 0.0462829
0 0.643312 0.856234 0.165605 0.0647961
0 0.66879 0.782181 0.11465 0.032398
0 0.640127 0.743998 0.121019 0.0393405
0 0.684713 0.718542 0.133758 0.0439688
0 0.828025 0.765982 0.318471 0.166618
0 0.888535 0.661846 0.0955414 0.0277697
0 0.254777 0.52184 0.343949 0.0902517
0 0.496815 0.461672 0.101911 0.0300839
0 0.359873 0.459358 0.044586 0.0347122
0 0.117834 0.468614 0.171975 0.0809951
0 0.372611 0.420017 0.0955414 0.0393405
0 0.0732484 0.370263 0.0573248 0.0185132
0 0.926752 0.31241 0.0828025 0.0231415
0 0.0605096 0.290425 0.0573248 0.0300839
0 0.484076 0.274226 0.0636943 0.016199
0 0.643312 0.281169 0.152866 0.0393405
0 0.089172 0.254556 0.0636943 0.0231415
0 0.184713 0.233729 0.101911 0.0231415
0 0.866242 0.221001 0.0764331 0.016199
0 0.929936 0.196702 0.0764331 0.0231415
0 0.216561 0.193231 0.11465 0.0347122
0 0.156051 0.155048 0.0828025 0.0185132
0 0.044586 0.151577 0.0636943 0.0300839
0 0.152866 0.0231415 0.0636943 0.0277697
0 0.143312 0.0740526 0.261146 0.13422
