0 0.648749 0.973008 0.274328 0.0452562
0 0.567192 0.956845 0.126043 0.0181025
0 0.444856 0.956199 0.326228 0.0530144
0 0.292864 0.941329 0.348471 0.0465492
0 0.248378 0.921933 0.185357 0.0206885
0 0.200185 0.899305 0.0889713 0.0142234
0 0.12975 0.783579 0.229842 0.038791
0 0.318814 0.828188 0.578313 0.151285
0 0.604263 0.759657 0.081557 0.0219816
0 0.140871 0.723452 0.163114 0.00905124
0 0.385542 0.696945 0.118628 0.0181025
0 0.722892 0.70341 0.363299 0.0568935
0 0.222428 0.685308 0.370714 0.0517214
0 0.307692 0.653629 0.0963855 0.0116373
0 0.622799 0.621949 0.0889713 0.0129303
0 0.352178 0.612898 0.185357 0.038791
0 0.700649 0.558591 0.081557 0.0181025
0 0.148285 0.550832 0.1038 0.0155164
0 0.58202 0.522386 0.511585 0.077582
0 0.196478 0.524972 0.333642 0.0905124
0 0.511585 0.477129 0.1038 0.0181025
0 0.307692 0.468078 0.0963855 0.0258607
0 0.441149 0.455148 0.0963855 0.0155164
0 0.94532 0.309682 0.0963855 0.0478423
0 0.934198 0.240504 0.118628 0.0594796
0 0.563485 0.0672378 0.0741427 0.0206885
0 0.263207 0.0161629 0.111214 0.0168094
