0 0.212613 0.946997 0.036036 0.0282686
0 0.30991 0.885748 0.0576577 0.0753828
0 0.115315 0.739694 0.0288288 0.0471143
0 0.0648649 0.716137 0.0432432 0.0376914
0 0.457658 0.669022 0.0504505 0.0376914
0 0.342342 0.739694 0.18018 0.179034
0 0.0864865 0.640754 0.0576577 0.0565371
0 0.324324 0.612485 0.0432432 0.0376914
0 0.0936937 0.537103 0.0288288 0.0376914
0 0.0504505 0.46172 0.0720721 0.13192
0 0.122523 0.353357 0.115315 0.141343
0 0.245045 0.221437 0.0288288 0.0471143
0 0.313514 0.23086 0.0648649 0.103651
0 0.187387 0.207303 0.0720721 0.0753828
0 0.299099 0.0706714 0.108108 0.122497
0 0.0756757 0.0424028 0.0936937 0.06596
