0 0.0461812 0.846385 0.0923623 0.0346551
0 0.117229 0.762413 0.0781528 0.0426525
0 0.35524 0.625125 0.113677 0.0666445
0 0.0390764 0.583805 0.0781528 0.0266578
0 0.461812 0.574475 0.156306 0.0879707
0 0.412078 0.531823 0.0568384 0.0186604
0 0.564831 0.497168 0.0497336 0.023992
0 0.284192 0.409197 0.0568384 0.0186604
0 0.152753 0.209264 0.0639432 0.0346551
0 0.259325 0.206598 0.0497336 0.0346551
0 0.579041 0.213262 0.120782 0.0533156
0 0.131439 0.154615 0.0781528 0.0159947
0 0.68206 0.155948 0.071048 0.023992
0 0.909414 0.145285 0.0994671 0.0346551
0 0.909414 0.071976 0.0852576 0.0319893
0 0.628774 0.0453182 0.0639432 0.0426525
0 0.706927 0.0213262 0.120782 0.0319893
0 0.294849 0.0613129 0.319716 0.117294
0 0.277087 0.0386538 0.101243 0.02999
