0 0.30455 0.924878 0.0594243 0.0546341
0 0.705664 0.862439 0.103993 0.0702439
0 0.445682 0.831219 0.0594243 0.0390244
0 0.289694 0.803902 0.0445682 0.0312195
0 0.64624 0.78439 0.0445682 0.0390244
0 0.70195 0.76878 0.0519963 0.0390244
0 0.924791 0.764878 0.0668524 0.0468293
0 0.267409 0.741463 0.0594243 0.0468293
0 0.393686 0.67122 0.0445682 0.0312195
0 0.672238 0.679024 0.0668524 0.0936585
0 0.865367 0.632195 0.0817084 0.062439
0 0.367688 0.608781 0.0519963 0.0312195
0 0.887651 0.534634 0.0519963 0.0390244
0 0.330548 0.546341 0.0519963 0.062439
0 0.986537 0.538537 0.0269266 0.062439
0 0.787372 0.530732 0.0594243 0.0468293
0 0.30455 0.460488 0.0445682 0.0312195
0 0.635098 0.46439 0.0668524 0.0546341
0 0.438254 0.46439 0.0594243 0.0546341
0 0.81337 0.444878 0.0965645 0.062439
0 0.30455 0.409756 0.0742804 0.0546341
0 0.36026 0.343415 0.0965645 0.062439
0 0.865367 0.327805 0.0668524 0.062439
0 0.945682 0.284878 0.108635 0.0858537
0 0.620241 0.257561 0.0371402 0.0312195
0 0.471681 0.28878 0.0817084 0.124878
0 0.735376 0.238049 0.0594243 0.0390244
0 0.315692 0.261463 0.0965645 0.101463
0 0.460539 0.195122 0.0594243 0.0312195
0 0.170845 0.17561 0.0742804 0.0702439
0 0.612813 0.16 0.0519963 0.0546341
0 0.375116 0.136585 0.0371402 0.0390244
0 0.319406 0.140488 0.0594243 0.0468293
0 0.979109 0.167805 0.0417827 0.117073
0 0.679666 0.113171 0.0817084 0.0858537
0 0.835655 0.152195 0.141133 0.179512
