0 0.934426 0.976791 0.0459016 0.0322906
0 0.852459 0.952573 0.052459 0.0484359
0 0.740984 0.948537 0.0393443 0.0403633
0 0.967213 0.940464 0.0590164 0.0565086
0 0.685246 0.91221 0.0590164 0.0484359
0 0.780328 0.900101 0.0393443 0.0403633
0 0.937705 0.86781 0.0655738 0.0726539
0 0.852459 0.875883 0.0918033 0.0887992
0 0.754098 0.839556 0.0393443 0.0645812
0 0.836066 0.774975 0.0590164 0.0322906
0 0.708197 0.726539 0.0393443 0.0484359
0 0.895082 0.726539 0.0459016 0.0645812
0 0.773771 0.706357 0.0393443 0.0565086
0 0.97541 0.698285 0.0491803 0.0565086
0 0.881967 0.649849 0.0327869 0.0403633
