0 0.734002 0.962025 0.172706 0.0607595
0 0.360833 0.89789 0.0431766 0.0270042
0 0.592136 0.881013 0.0863531 0.0607595
0 0.851195 0.786498 0.0370085 0.0337553
0 0.635312 0.783122 0.0370085 0.0540084
0 0.727833 0.745992 0.0370085 0.0337553
0 0.632228 0.779747 0.400925 0.209283
0 0.758674 0.823629 0.0385505 0.028692
0 0.817271 0.556962 0.080185 0.0742616
0 0.635312 0.533333 0.32074 0.216034
0 0.589052 0.378059 0.0308404 0.0405063
0 0.798766 0.408439 0.376253 0.236287
0 0.860447 0.310549 0.0555127 0.0540084
0 0.690825 0.22616 0.123362 0.12827
0 0.953354 0.0945148 0.0932922 0.121519
0 0.700077 0.0472574 0.240555 0.0675105
