0 0.734002 0.962025 0.172706 0.0607595
0 0.360833 0.89789 0.0431766 0.0270042
0 0.592136 0.881013 0.0863531 0.0607595
0 0.851195 0.786498 0.0370085 0.0337553
0 0.730917 0.823629 0.203547 0.108017
0 0.758674 0.824051 0.0385505 0.0295359
0 0.635312 0.776371 0.0370085 0.0405063
0 0.542791 0.756118 0.222051 0.162025
0 0.817271 0.556962 0.080185 0.0742616
0 0.635312 0.533333 0.32074 0.216034
0 0.589052 0.378059 0.0308404 0.0405063
0 0.798766 0.408439 0.376253 0.236287
0 0.863531 0.307173 0.0493446 0.0472574
0 0.706245 0.253165 0.080185 0.0607595
0 0.684657 0.192405 0.111025 0.0607595
0 0.953354 0.0945148 0.0932922 0.121519
0 0.696993 0.0472574 0.234387 0.0675105
