0 0.213476 0.961538 0.0533689 0.0461538
0 0.512342 0.861538 0.117412 0.0923077
0 0.531021 0.746154 0.0800534 0.0615385
0 0.458973 0.723077 0.0533689 0.0769231
0 0.672448 0.619231 0.0533689 0.0692308
0 0.613743 0.619231 0.0426951 0.0692308
0 0.667111 0.569231 0.0640427 0.0307692
0 0.146765 0.561538 0.0373582 0.0615385
0 0.24016 0.538462 0.0426951 0.0461538
0 0.389593 0.511538 0.0640427 0.0692308
0 0.234823 0.480769 0.0320213 0.0384615
0 0.509673 0.5 0.197465 0.153846
0 0.501668 0.503365 0.0333556 0.0413462
0 0.712475 0.138462 0.0266845 0.0461538
0 0.768512 0.0807692 0.0747165 0.1
0 0.715143 0.0615385 0.0426951 0.0769231
